+EI TIC MRM (** -> **) 20221016 H5 2 MRM22.d  Subtract		
Index	X	Y
0	6.005	-4.11
1	6.01	-1.87
2	6.014	-0.05
3	6.019	0.83
4	6.023	0.94
5	6.028	0.77
6	6.033	0.49
7	6.037	0.23
8	6.042	0.07
9	6.046	0.01
10	6.051	0
11	6.055	0
12	6.06	0.01
13	6.064	0.01
14	6.069	-0.04
15	6.073	-0.23
16	6.078	-0.62
17	6.082	-0.89
18	6.087	-0.85
19	6.091	-1.02
20	6.096	-1.79
21	6.1	-3
22	6.105	-4.2
23	6.11	-4.32
24	6.114	-2.93
25	6.119	-1.97
26	6.123	-2.88
27	6.128	-4.34
28	6.132	-5.23
29	6.137	-5.63
30	6.141	-5.32
31	6.146	-4.81
32	6.15	-5.14
33	6.155	-5.78
34	6.159	-4.9
35	6.164	-2.33
36	6.168	0.06
37	6.173	1.05
38	6.177	1.08
39	6.182	0.74
40	6.187	0.46
41	6.191	0.63
42	6.196	1.27
43	6.2	2.07
44	6.205	2.66
45	6.209	2.64
46	6.214	1.89
47	6.218	0.79
48	6.223	0
49	6.227	-0.23
50	6.232	-0.34
51	6.236	-0.44
52	6.241	0.02
53	6.245	1.06
54	6.25	1.95
55	6.254	2.34
56	6.259	2.39
57	6.263	2.4
58	6.268	2.47
59	6.273	2.36
60	6.277	1.91
61	6.282	1.41
62	6.286	1.28
63	6.291	1.58
64	6.295	2.06
65	6.3	2.29
66	6.304	1.99
67	6.309	1.44
68	6.313	1.25
69	6.318	1.5
70	6.322	1.77
71	6.327	1.78
72	6.331	1.33
73	6.336	0.35
74	6.34	-0.56
75	6.345	-0.87
76	6.35	-0.8
77	6.354	-0.73
78	6.359	-0.8
79	6.363	-0.63
80	6.368	0.28
81	6.372	1.47
82	6.377	1.72
83	6.381	1.03
84	6.386	0.7
85	6.39	1.19
86	6.395	1.8
87	6.399	1.92
88	6.404	1.55
89	6.408	1.08
90	6.413	0.81
91	6.417	0.85
92	6.422	1.12
93	6.426	1.28
94	6.431	1.33
95	6.436	1.55
96	6.44	1.81
97	6.445	1.81
98	6.449	1.44
99	6.454	0.86
100	6.458	0.41
101	6.463	0.22
102	6.467	-0.07
103	6.472	-0.87
104	6.476	-2.15
105	6.481	-3.4
106	6.485	-4.37
107	6.49	-5.14
108	6.494	-5.55
109	6.499	-4.98
110	6.503	-3.24
111	6.508	-0.99
112	6.513	0.49
113	6.517	0.45
114	6.522	-0.12
115	6.526	0.14
116	6.531	0.85
117	6.535	0.95
118	6.54	0.52
119	6.544	0.31
120	6.549	0.41
121	6.553	0.62
122	6.558	1.2
123	6.562	2.14
124	6.567	2.84
125	6.571	2.72
126	6.576	1.56
127	6.58	-0.13
128	6.585	-1.93
129	6.59	-4.9
130	6.594	-10.87
131	6.599	-19.61
132	6.603	-27.92
133	6.608	-32.53
134	6.612	-31.33
135	6.617	-22.71
136	6.621	-8.74
137	6.626	4.44
138	6.63	11.79
139	6.635	12.6
140	6.639	9.69
141	6.644	6.11
142	6.648	3.36
143	6.653	2
144	6.657	1.77
145	6.662	1.63
146	6.666	1.31
147	6.671	1.24
148	6.676	1.55
149	6.68	1.72
150	6.685	1.3
151	6.689	0.72
152	6.694	0.57
153	6.698	0.88
154	6.703	1.33
155	6.707	1.53
156	6.712	1.62
157	6.716	1.82
158	6.721	2.06
159	6.725	2.37
160	6.73	2.78
161	6.734	3.27
162	6.739	4.15
163	6.743	5.45
164	6.748	6.6
165	6.753	7.15
166	6.757	7.35
167	6.762	7.81
168	6.766	8.78
169	6.771	10.18
170	6.775	12.2
171	6.78	14.62
172	6.784	16.97
173	6.789	19.79
174	6.793	24.09
175	6.798	30.54
176	6.802	39.43
177	6.807	48.84
178	6.811	54.14
179	6.816	52.56
180	6.82	45.13
181	6.825	34.39
182	6.829	23.59
183	6.834	15.23
184	6.839	9.81
185	6.843	6.2
186	6.848	3.57
187	6.852	2.2
188	6.857	2.51
189	6.861	3.66
190	6.866	4.24
191	6.87	3.81
192	6.875	2.95
193	6.879	2.58
194	6.884	3.17
195	6.888	4.06
196	6.893	4.38
197	6.897	4.02
198	6.902	3.31
199	6.906	2.49
200	6.911	1.73
201	6.916	1.3
202	6.92	1.46
203	6.925	1.83
204	6.929	1.62
205	6.934	0.88
206	6.938	0.27
207	6.943	0.04
208	6.947	-0.11
209	6.952	-0.27
210	6.956	-0.07
211	6.961	0.76
212	6.965	1.52
213	6.97	1.23
214	6.974	0.26
215	6.979	-0.42
216	6.983	-0.79
217	6.988	-1.21
218	6.993	-1.82
219	6.997	-2.77
220	7.002	-4.01
221	7.006	-5.06
222	7.011	-5.51
223	7.015	-5.39
224	7.02	-4.87
225	7.024	-4.06
226	7.029	-3.17
227	7.033	-1.99
228	7.038	0.14
229	7.042	2.94
230	7.047	5.19
231	7.051	6.19
232	7.056	6.01
233	7.06	5.17
234	7.065	4.01
235	7.069	2.67
236	7.074	1.46
237	7.079	0.54
238	7.083	-0.25
239	7.088	-0.85
240	7.092	-1.05
241	7.097	-0.89
242	7.101	-0.87
243	7.106	-2
244	7.11	-5.62
245	7.115	-14.54
246	7.119	-36.05
247	7.124	-82.86
248	7.128	-168.57
249	7.133	-298.98
250	7.137	-462.62
251	7.142	-628.3
252	7.146	-758.9
253	7.151	-832.48
254	7.156	-847.06
255	7.16	-800.91
256	7.165	-670.71
257	7.169	-393.66
258	7.174	126.05
259	7.178	968.35
260	7.183	2143.87
261	7.187	3476.29
262	7.192	4604.93
263	7.196	5174.89
264	7.201	4991.22
265	7.205	4137.16
266	7.21	2923.23
267	7.214	1741.47
268	7.219	868.27
269	7.223	375.76
270	7.228	161.04
271	7.233	91.83
272	7.237	74.49
273	7.242	67.96
274	7.246	62.53
275	7.251	57.81
276	7.255	59.13
277	7.26	71.95
278	7.264	92.82
279	7.269	113.16
280	7.273	123.43
281	7.278	118.59
282	7.282	101.76
283	7.287	80.78
284	7.291	61.04
285	7.296	44.26
286	7.3	30.17
287	7.305	19.26
288	7.309	12.68
289	7.314	9.9
290	7.319	9.21
291	7.323	8.78
292	7.328	7.52
293	7.332	6.23
294	7.337	6.4
295	7.341	7.7
296	7.346	8.46
297	7.35	7.5
298	7.355	5.46
299	7.359	3.6
300	7.364	2.26
301	7.368	2.03
302	7.373	4.01
303	7.377	7.55
304	7.382	10.08
305	7.386	9.9
306	7.391	7.7
307	7.396	4.99
308	7.4	2.49
309	7.405	0.74
310	7.409	0.2
311	7.414	0.51
312	7.418	0.85
313	7.423	0.69
314	7.427	-0.3
315	7.432	-2.5
316	7.436	-6.19
317	7.441	-10.94
318	7.445	-15.8
319	7.45	-20.33
320	7.454	-24.62
321	7.459	-28.5
322	7.463	-31.97
323	7.468	-34.72
324	7.472	-36
325	7.477	-35.8
326	7.482	-34.89
327	7.486	-32.9
328	7.491	-28.48
329	7.495	-21.72
330	7.5	-14.36
331	7.504	-8.2
332	7.509	-4.04
333	7.513	-2.2
334	7.518	-4.17
335	7.522	-12.06
336	7.527	-24.74
337	7.531	-37.67
338	7.536	-46.27
339	7.54	-49.65
340	7.545	-49.58
341	7.549	-47.81
342	7.554	-46.12
343	7.559	-45.48
344	7.563	-45.56
345	7.568	-46.56
346	7.572	-48.89
347	7.577	-50.9
348	7.581	-50.86
349	7.586	-53.61
350	7.59	-77.78
351	7.595	-165.06
352	7.599	-389.62
353	7.604	-855.08
354	7.608	-1660.98
355	7.613	-2833.94
356	7.617	-4282.53
357	7.622	-5827.84
358	7.626	-7270.78
359	7.631	-8453.2
360	7.636	-9334.28
361	7.64	-10029.16
362	7.645	-10691.92
363	7.649	-11343.37
364	7.654	-11874.88
365	7.658	-12133.26
366	7.663	-11906.36
367	7.667	-10908.6
368	7.672	-8875.58
369	7.676	-5548.5
370	7.681	-812.72
371	7.685	5045.1
372	7.69	11381.6
373	7.694	16999.2
374	7.699	20533.24
375	7.703	21174.18
376	7.708	18860.83
377	7.712	14182.56
378	7.717	8148.31
379	7.722	1985.96
380	7.726	-3204.05
381	7.731	-6669.83
382	7.735	-8217.39
383	7.74	-8049.11
384	7.744	-6717.22
385	7.749	-4945.06
386	7.753	-3301.83
387	7.758	-2049
388	7.762	-1203.04
389	7.767	-673.74
390	7.771	-360.62
391	7.776	-191.17
392	7.78	-124.68
393	7.785	-134.23
394	7.789	-193.25
395	7.794	-270.44
396	7.799	-335.56
397	7.803	-370.92
398	7.808	-378.16
399	7.812	-357.56
400	7.817	-306.6
401	7.821	-234.32
402	7.826	-159.01
403	7.83	-100.17
404	7.835	-65.69
405	7.839	-49.34
406	7.844	-42.07
407	7.848	-37.57
408	7.853	-31.86
409	7.857	-26.3
410	7.862	-26.31
411	7.866	-31.59
412	7.871	-35.35
413	7.875	-33.97
414	7.88	-28.56
415	7.885	-21.33
416	7.889	-15.19
417	7.894	-12.44
418	7.898	-12.52
419	7.903	-12.42
420	7.907	-9.69
421	7.912	-5.62
422	7.916	-3.71
423	7.921	-4.39
424	7.925	-5.71
425	7.93	-6.4
426	7.934	-5.03
427	7.939	-2.26
428	7.943	-0.8
429	7.948	-0.75
430	7.952	-0.84
431	7.957	-0.98
432	7.962	-1.09
433	7.966	-1.36
434	7.971	-1.48
435	7.975	-0.24
436	7.98	0.8
437	7.984	-0.76
438	7.989	-3.43
439	7.993	-5.1
440	7.998	-5.97
441	8.002	-6.94
442	8.007	-8.46
443	8.011	-8.97
444	8.016	-7.46
445	8.02	-6.25
446	8.025	-7.37
447	8.029	-10.55
448	8.034	-14.63
449	8.039	-17.75
450	8.043	-18.24
451	8.048	-16.95
452	8.052	-16.15
453	8.057	-16.35
454	8.061	-16.59
455	8.066	-16.64
456	8.07	-17.1
457	8.075	-17.41
458	8.079	-16.54
459	8.084	-15.14
460	8.088	-15.2
461	8.093	-17.84
462	8.097	-22.69
463	8.102	-29.36
464	8.106	-36.53
465	8.111	-40.87
466	8.115	-40.91
467	8.12	-38.49
468	8.125	-35.55
469	8.129	-34.6
470	8.134	-38.1
471	8.138	-45.12
472	8.143	-53.66
473	8.147	-63.94
474	8.152	-75.81
475	8.156	-86.55
476	8.161	-91.84
477	8.165	-84.76
478	8.17	-53.24
479	8.174	12.65
480	8.179	109.24
481	8.183	223.78
482	8.188	339.49
483	8.192	438.39
484	8.197	508.26
485	8.202	552.47
486	8.206	588.29
487	8.211	625.84
488	8.215	663.78
489	8.22	693.15
490	8.224	688.85
491	8.229	617.72
492	8.233	468.12
493	8.238	267.56
494	8.242	64.71
495	8.247	-89.35
496	8.251	-166.81
497	8.256	-175.69
498	8.26	-142.68
499	8.265	-95.14
500	8.269	-50.65
501	8.274	-16.68
502	8.278	5.72
503	8.283	19.77
504	8.288	28.76
505	8.292	32.56
506	8.297	29.73
507	8.301	21.87
508	8.306	13.68
509	8.31	8.3
510	8.315	5.74
511	8.319	4.8
512	8.324	3.92
513	8.328	2.21
514	8.333	0.67
515	8.337	0.2
516	8.342	0.06
517	8.346	-1.3
518	8.351	-5.31
519	8.355	-13.53
520	8.36	-27.89
521	8.365	-50.29
522	8.369	-80.62
523	8.374	-114.73
524	8.378	-145.88
525	8.383	-169.1
526	8.387	-184.03
527	8.392	-192.9
528	8.396	-196.88
529	8.401	-196.6
530	8.405	-193.95
531	8.41	-191.74
532	8.414	-192.36
533	8.419	-196.04
534	8.423	-200.16
535	8.428	-201.4
536	8.432	-197.82
537	8.437	-186.83
538	8.442	-159.35
539	8.446	-94.98
540	8.451	29.88
541	8.455	223.2
542	8.46	471.11
543	8.464	725.92
544	8.469	921.34
545	8.473	1016.67
546	8.478	1012.32
547	8.482	938.32
548	8.487	829.08
549	8.491	716.81
550	8.496	628.79
551	8.5	588.56
552	8.505	612.3
553	8.509	706.35
554	8.514	864.13
555	8.518	1058.65
556	8.523	1235.02
557	8.528	1342.04
558	8.532	1359.66
559	8.537	1287.71
560	8.541	1150.38
561	8.546	992.47
562	8.55	861.94
563	8.555	791.13
564	8.559	788.98
565	8.564	854.11
566	8.568	988.25
567	8.573	1181.57
568	8.577	1382.75
569	8.582	1510.88
570	8.586	1501.79
571	8.591	1343.39
572	8.595	1078.52
573	8.6	785.3
574	8.605	535.09
575	8.609	375.84
576	8.614	313.99
577	8.618	318.48
578	8.623	345.8
579	8.627	354.71
580	8.632	320.68
581	8.636	246.16
582	8.641	151.11
583	8.645	54.11
584	8.65	-30.12
585	8.654	-87.49
586	8.659	-109.09
587	8.663	-102.16
588	8.668	-81.54
589	8.672	-59.16
590	8.677	-41.25
591	8.682	-28.77
592	8.686	-20.36
593	8.691	-13.81
594	8.695	-4.87
595	8.7	9.48
596	8.704	29.23
597	8.709	53.8
598	8.713	81.68
599	8.718	106.73
600	8.722	122.21
601	8.727	127.14
602	8.731	124.37
603	8.736	115.79
604	8.74	104.18
605	8.745	94.91
606	8.749	93.54
607	8.754	102.02
608	8.758	118.51
609	8.763	143.6
610	8.768	178.54
611	8.772	215.76
612	8.777	240.21
613	8.781	238.24
614	8.786	207.56
615	8.79	158.34
616	8.795	103.73
617	8.799	55.79
618	8.804	24.23
619	8.808	9.93
620	8.813	5.86
621	8.817	5.23
622	8.822	5.44
623	8.826	6.16
624	8.831	6.78
625	8.835	6.49
626	8.84	5.09
627	8.845	3.45
628	8.849	2.32
629	8.854	1.65
630	8.858	1.71
631	8.863	3.04
632	8.867	4.48
633	8.872	4.31
634	8.876	2.98
635	8.881	2.58
636	8.885	4.23
637	8.89	6.49
638	8.894	7.46
639	8.899	6.41
640	8.903	3.63
641	8.908	-0.04
642	8.912	-3.82
643	8.917	-7.27
644	8.921	-10.16
645	8.926	-12.5
646	8.931	-14.48
647	8.935	-16.66
648	8.94	-19.58
649	8.944	-23.2
650	8.949	-27.73
651	8.953	-34.63
652	8.958	-44.05
653	8.962	-53.96
654	8.967	-63.27
655	8.971	-72.08
656	8.976	-80.77
657	8.98	-89.42
658	8.985	-96.93
659	8.989	-103.45
660	8.994	-111.84
661	8.998	-122.25
662	9.003	-131.17
663	9.008	-136.38
664	9.012	-136.17
665	9.017	-128.88
666	9.021	-117.67
667	9.026	-107.4
668	9.03	-100.46
669	9.035	-99.96
670	9.039	-106.22
671	9.044	-113.38
672	9.048	-114.38
673	9.053	-468.59
674	9.057	-409.65
675	9.062	-297.4
676	9.066	-119.4
677	9.071	118.9
678	9.075	390.91
679	9.08	654.08
680	9.085	872.37
681	9.089	1022.15
682	9.094	1094.71
683	9.098	1095.37
684	9.103	1051.49
685	9.107	1003.73
686	9.112	977.44
687	9.116	975.79
688	9.121	992.23
689	9.125	1035.13
690	9.13	1143.56
691	9.134	1361.81
692	9.139	1695.75
693	9.143	2071.48
694	9.148	2338.87
695	9.152	2329.98
696	9.157	1951.35
697	9.162	1280.91
698	9.166	533.03
699	9.171	-74.57
700	9.175	-417.84
701	9.18	-500.07
702	9.184	-414.41
703	9.189	-265.39
704	9.193	-129.99
705	9.198	-42.29
706	9.202	2.14
707	9.207	22.7
708	9.211	32.42
709	9.216	39.4
710	9.22	50.57
711	9.225	65.24
712	9.229	77.45
713	9.234	85.22
714	9.238	90.96
715	9.243	98.23
716	9.248	109.35
717	9.252	123.27
718	9.257	137.86
719	9.261	151.18
720	9.266	162.84
721	9.27	175.38
722	9.275	189.59
723	9.279	203.52
724	9.284	216.02
725	9.288	225.59
726	9.293	230.72
727	9.297	223.62
728	9.302	-110.74
729	9.311	-10.31
730	9.32	219.86
731	9.33	469.29
732	9.339	573.72
733	9.348	541.29
734	9.357	500.59
735	9.366	481.96
736	9.375	482.33
737	9.385	574.17
738	9.394	866.6
739	9.403	1285.41
740	9.412	1332.93
741	9.421	849.71
742	9.431	330.6
743	9.44	142.86
744	9.449	97.79
745	9.458	57.59
746	9.467	27.65
747	9.477	21.11
748	9.486	21.86
749	9.495	19.66
750	9.504	13.59
751	9.513	9.77
752	9.523	9.31
753	9.532	9.74
754	9.541	10.37
755	9.55	9.54
756	9.559	8.04
757	9.569	7.63
758	9.578	11.02
759	9.587	9.23
760	9.596	7.32
761	9.605	9.06
762	9.615	15.95
763	9.624	21.71
764	9.633	23.28
765	9.642	19.59
766	9.651	14.13
767	9.661	11.06
768	9.67	11.86
769	9.679	16.01
770	9.688	25.05
771	9.697	35.97
772	9.707	-77.01
773	9.711	-79.3
774	9.716	-83.2
775	9.72	-88.48
776	9.725	-94.91
777	9.729	-100.42
778	9.734	-99.35
779	9.738	-87.89
780	9.743	-67.88
781	9.747	-42.34
782	9.752	-12.11
783	9.756	21.36
784	9.761	54.19
785	9.766	81.89
786	9.77	101.8
787	9.775	115.95
788	9.779	131.17
789	9.784	150.29
790	9.788	167.37
791	9.793	176.23
792	9.797	176.65
793	9.802	169.52
794	9.806	156.82
795	9.811	143.19
796	9.815	131.5
797	9.82	124.52
798	9.824	128.55
799	9.829	147.37
800	9.834	178
801	9.838	211.83
802	9.843	235.08
803	9.847	235.59
804	9.852	210.42
805	9.856	166.26
806	9.861	116.04
807	9.865	74.34
808	9.87	45.44
809	9.874	-30.35
810	9.879	-12.52
811	9.883	11.02
812	9.888	32.57
813	9.892	43.41
814	9.897	44.58
815	9.901	42.69
816	9.906	40.11
817	9.911	36.42
818	9.915	33.32
819	9.92	32.88
820	9.924	34.5
821	9.929	34.49
822	9.933	31.83
823	9.938	30.29
824	9.942	31.98
825	9.947	37.54
826	9.951	52.18
827	9.956	84.17
828	9.96	132.88
829	9.965	182.47
830	9.969	214.24
831	9.974	214.75
832	9.978	175.68
833	9.983	94.26
834	9.988	-10.92
835	9.992	-99.23
836	9.997	-147.42
837	10.001	-161.8
838	10.006	-156.97
839	10.01	-141.87
840	10.015	-124.59
841	10.019	-114.4
842	10.024	-112.8
843	10.028	-113.92
844	10.033	-113.93
845	10.037	-115.24
846	10.042	-121.41
847	10.046	-131.28
848	10.051	-142.28
849	10.055	-152.66
850	10.06	-158.36
851	10.064	-154.06
852	10.069	-135.75
853	10.074	-96.1
854	10.078	-24.98
855	10.083	82.48
856	10.087	218.31
857	10.092	365.3
858	10.096	499.9
859	10.101	591.37
860	10.105	621.79
861	10.11	597.19
862	10.114	540.56
863	10.119	480.52
864	10.123	435.11
865	10.128	407.54
866	10.132	391.08
867	10.137	381.89
868	10.141	385.12
869	10.146	405.89
870	10.15	439.97
871	10.155	481.61
872	10.16	544.63
873	10.164	665.15
874	10.169	874.13
875	10.173	1185.75
876	10.178	1580.6
877	10.182	2004.45
878	10.187	2346.5
879	10.191	2494.6
880	10.196	2398.44
881	10.2	2071.95
882	10.205	1598.7
883	10.209	1090.65
884	10.214	654.43
885	10.218	354.72
886	10.223	192
887	10.227	100.98
888	10.232	20.21
889	10.237	36.21
890	10.241	60
891	10.246	90.58
892	10.25	122.06
893	10.255	147.1
894	10.259	162.64
895	10.264	170.06
896	10.268	170.63
897	10.273	164.8
898	10.277	154.32
899	10.282	142.93
900	10.286	136.32
901	10.291	137.44
902	10.295	142.05
903	10.3	143.4
904	10.304	139.33
905	10.309	133.4
906	10.314	130.13
907	10.318	130.68
908	10.323	136.41
909	10.327	152.31
910	10.332	184.65
911	10.336	235.94
912	10.341	300.1
913	10.345	358.89
914	10.35	388.87
915	10.354	372.75
916	10.359	311.52
917	10.363	222.94
918	10.368	133.72
919	10.372	66.07
920	10.377	2247.13
921	10.382	85304.59
922	10.387	95690.38
923	10.392	107147.44
924	10.397	115382.65
925	10.402	117736.34
926	10.407	115239.52
927	10.412	110439.34
928	10.417	105281.97
929	10.422	100659.98
930	10.427	97232.91
931	10.432	95274.67
932	10.437	94532.97
933	10.442	95332.19
934	10.447	99689.65
935	10.452	112360.7
936	10.457	141782.22
937	10.463	197185.72
938	10.468	281699.41
939	10.473	381826.09
940	10.478	470176.25
941	10.483	522154.22
942	10.488	527777.56
943	10.493	492843.25
944	10.498	433412.22
945	10.503	365355.78
946	10.508	300604.97
947	10.513	245810.84
948	10.518	202122.06
949	10.523	168342.94
950	10.528	142235.59
951	10.533	121517.36
952	10.538	105067.77
953	10.544	92024.38
954	10.549	81263.23
955	10.554	71999.98
956	10.559	64285.12
957	10.564	58005.81
958	10.569	52539.11
959	10.574	47269.2
960	10.579	42086.77
961	10.584	37113.82
962	10.589	32557.42
963	10.594	28592.95
964	10.599	25238.52
965	10.604	22435.12
966	10.609	20062.98
967	10.614	18021.1
968	10.619	16320.41
969	10.624	14892.49
970	10.63	13557.87
971	10.635	12246.42
972	10.64	11070.04
973	10.645	10121.37
974	10.65	9311.68
975	10.655	8537.47
976	10.66	7829.07
977	10.665	7262.32
978	10.67	6844.83
979	10.675	6520.46
980	10.68	6240.38
981	10.685	5993.14
982	10.69	5764.67
983	10.695	5517.26
984	10.7	5243.71
985	10.705	4981.17
986	10.711	4761.72
987	10.716	4576.52
988	10.721	4384.16
989	10.726	4158.76
990	10.731	3921.58
991	10.736	3707.39
992	10.741	3510.43
993	10.746	3317.73
994	10.751	3164.78
995	10.756	3082.72
996	10.761	3045.71
997	10.766	3019.26
998	10.771	2982.34
999	10.776	2923.89
1000	10.781	2850.9
1001	10.786	2772.41
1002	10.792	2700.59
1003	10.797	2606.79
1004	10.805	37.92
1005	10.808	34.48
1006	10.811	26.52
1007	10.814	13.94
1008	10.817	-1.93
1009	10.82	-18.74
1010	10.823	-34.46
1011	10.826	-48.06
1012	10.83	-59.37
1013	10.833	-69.12
1014	10.836	-78.12
1015	10.839	-86.78
1016	10.842	-95.13
1017	10.845	-103.16
1018	10.848	-111.29
1019	10.851	-120.01
1020	10.854	-129.21
1021	10.857	-137.87
1022	10.861	-144.27
1023	10.864	-146.69
1024	10.867	-143.89
1025	10.87	-135.27
1026	10.873	-120.25
1027	10.876	-98.4
1028	10.879	-69.68
1029	10.882	-35.12
1030	10.885	2.03
1031	10.888	38.06
1032	10.891	68.96
1033	10.895	92.64
1034	10.898	107.47
1035	10.901	113.64
1036	10.904	113.35
1037	10.907	110.6
1038	10.91	109.14
1039	10.913	110.59
1040	10.916	114.46
1041	10.919	119.59
1042	10.922	126.01
1043	10.926	134.93
1044	10.929	147.47
1045	10.932	162.62
1046	10.935	177.81
1047	10.938	189.9
1048	10.941	197.25
1049	10.944	200.26
1050	10.947	200.92
1051	10.95	201.86
1052	10.953	205.39
1053	10.957	212.29
1054	10.96	221.43
1055	10.963	232.14
1056	10.966	246.31
1057	10.969	269.08
1058	10.972	305.86
1059	10.975	359.47
1060	10.978	430.02
1061	10.981	514.65
1062	10.984	606.57
1063	10.987	695.36
1064	10.991	765.5
1065	10.994	795.71
1066	10.997	770.03
1067	11	685.76
1068	11.003	553.46
1069	11.006	393.32
1070	11.009	227.64
1071	11.012	79.27
1072	11.015	-35.91
1073	11.018	-111.2
1074	11.022	-145.69
1075	11.025	-146.65
1076	11.028	-124.69
1077	11.031	-93.12
1078	11.034	-61.08
1079	11.037	-33.84
1080	11.04	-13.04
1081	11.043	1.36
1082	11.046	10.35
1083	11.049	15.39
1084	11.052	18.21
1085	11.056	20.04
1086	11.059	21.46
1087	11.062	22.4
1088	11.065	22.68
1089	11.068	22.37
1090	11.071	21.66
1091	11.074	20.52
1092	11.077	18.69
1093	11.08	16.07
1094	11.083	12.86
1095	11.087	9.51
1096	11.09	6.64
1097	11.093	4.57
1098	11.096	3.01
1099	11.099	1.05
1100	11.102	-1.97
1101	11.105	-5.92
1102	11.108	-9.91
1103	11.111	-13.21
1104	11.114	-15.74
1105	11.118	-17.9
1106	11.121	-20
1107	11.124	-21.93
1108	11.127	-23.6
1109	11.13	-25.13
1110	11.133	-26.91
1111	11.136	-29.46
1112	11.139	-32.95
1113	11.142	-37.16
1114	11.145	-41.39
1115	11.148	-45.01
1116	11.152	-47.95
1117	11.155	-50.57
1118	11.158	-53.2
1119	11.161	-55.69
1120	11.164	-57.86
1121	11.167	-59.74
1122	11.17	-61.55
1123	11.173	-63.29
1124	11.176	-64.71
1125	11.179	-64.8
1126	11.183	-71.1
1127	11.188	-81.32
1128	11.193	-89.82
1129	11.198	-93.39
1130	11.203	-92.45
1131	11.208	-88.61
1132	11.213	-79.92
1133	11.218	-61.3
1134	11.223	-29.58
1135	11.228	12.29
1136	11.233	55.52
1137	11.238	90.03
1138	11.243	111.14
1139	11.248	119.53
1140	11.253	121.78
1141	11.258	125.92
1142	11.263	138.06
1143	11.268	158.66
1144	11.273	181.18
1145	11.278	195.9
1146	11.283	199.78
1147	11.288	200.11
1148	11.293	205.02
1149	11.299	210.62
1150	11.304	209.79
1151	11.309	207
1152	11.314	216.7
1153	11.319	253.13
1154	11.324	329.24
1155	11.329	446.66
1156	11.334	583.88
1157	11.339	690.94
1158	11.344	714.8
1159	11.349	623.58
1160	11.354	426.86
1161	11.359	186.87
1162	11.364	-8.52
1163	11.369	-108.19
1164	11.374	-120.01
1165	11.379	-85.02
1166	11.384	-37.88
1167	11.389	1.98
1168	11.394	31.63
1169	11.399	53.69
1170	11.404	67.43
1171	11.409	69.87
1172	11.414	59.64
1173	11.42	41.17
1174	11.425	23.85
1175	11.43	14.5
1176	11.435	13.21
1177	11.44	16.15
1178	11.445	20.98
1179	11.45	26.18
1180	11.455	30.25
1181	11.46	33.64
1182	11.465	38.22
1183	11.47	43.23
1184	11.475	44.71
1185	11.48	41.98
1186	11.485	39.23
1187	11.49	39.27
1188	11.495	41.39
1189	11.5	44.75
1190	11.505	50.17
1191	11.51	58.75
1192	11.515	72.1
1193	11.52	90.48
1194	11.525	110.14
1195	11.53	123.1
1196	11.536	123.61
1197	11.541	112.51
1198	11.546	96.1
1199	11.551	82.21
1200	11.556	74.24
1201	11.561	69.26
1202	11.566	62.94
1203	11.571	56.27
1204	11.576	50.05
1205	11.581	-226.71
1206	11.586	-216.12
1207	11.591	-189.55
1208	11.596	-137.09
1209	11.601	-55.03
1210	11.606	47.37
1211	11.611	153.31
1212	11.616	253.9
1213	11.621	351.59
1214	11.627	445.42
1215	11.632	527.3
1216	11.637	588.16
1217	11.642	625.86
1218	11.647	648.97
1219	11.652	669.73
1220	11.657	690.92
1221	11.662	706.87
1222	11.667	716.33
1223	11.672	719.67
1224	11.677	714.74
1225	11.682	709.13
1226	11.687	713.95
1227	11.692	729.8
1228	11.697	766.63
1229	11.702	864.82
1230	11.708	1082.66
1231	11.713	1453.2
1232	11.718	1946.19
1233	11.723	2457.01
1234	11.728	2835.34
1235	11.733	2940.37
1236	11.738	2718.25
1237	11.743	2249.98
1238	11.748	1681.7
1239	11.753	1124.7
1240	11.758	639.75
1241	11.763	271.88
1242	11.768	58.78
1243	11.773	-14.39
1244	11.778	-6.18
1245	11.784	26.39
1246	11.789	54.95
1247	11.794	73.64
1248	11.799	83.3
1249	11.804	85.9
1250	11.809	83.97
1251	11.814	79.33
1252	11.819	74.57
1253	11.824	72.31
1254	11.829	72.21
1255	11.834	71.31
1256	11.839	68.32
1257	11.844	66.19
1258	11.849	67.76
1259	11.854	71.75
1260	11.86	75.59
1261	11.865	78.03
1262	11.87	78
1263	11.875	75.65
1264	11.88	74
1265	11.885	75.54
1266	11.89	77.13
1267	11.895	74.47
1268	11.9	69.56
1269	11.905	67.26
1270	11.91	67.66
1271	11.915	68.39
1272	11.92	69.75
1273	11.925	73.41
1274	11.93	79.61
1275	11.935	87.25
1276	11.941	95.06
1277	11.946	102.18
1278	11.951	108.94
1279	11.956	115.52
1280	11.961	119.57
1281	11.966	120.06
1282	11.971	120.52
1283	11.976	124.08
1284	11.981	129.31
1285	11.986	131.9
1286	11.991	128.9
1287	11.996	121.9
1288	12.001	114.5
1289	12.006	106.77
1290	12.011	98.42
1291	12.017	93.75
1292	12.022	96.19
1293	12.027	102.99
1294	12.032	110.23
1295	12.037	120.84
1296	12.042	142.94
1297	12.047	179.46
1298	12.052	222.08
1299	12.057	256.78
1300	12.062	274.64
1301	12.067	270.12
1302	12.072	241.21
1303	12.077	196.55
1304	12.082	150.06
1305	12.087	112.8
1306	12.093	89.32
1307	12.098	78.51
1308	12.103	75.9
1309	12.108	76.94
1310	12.113	77.8
1311	12.118	76
1312	12.123	72.19
1313	12.128	69.46
1314	12.133	68.7
1315	12.138	68.14
1316	12.143	66.63
1317	12.148	64.02
1318	12.153	60.26
1319	12.158	57.35
1320	12.163	58.15
1321	12.168	61.88
1322	12.174	65.54
1323	12.179	67.53
1324	12.184	66.86
1325	12.189	63.82
1326	12.194	61.56
1327	12.199	63.02
1328	12.204	66.77
1329	12.209	69.47
1330	12.214	70.98
1331	12.219	73.64
1332	12.224	79.35
1333	12.229	87.4
1334	12.234	94
1335	12.239	95.52
1336	12.244	92.1
1337	12.25	85.95
1338	12.255	78.37
1339	12.26	69.89
1340	12.265	61.15
1341	12.27	55.07
1342	12.275	54.01
1343	12.28	55.17
1344	12.285	55.19
1345	12.29	54.77
1346	12.295	55.02
1347	12.3	55.17
1348	12.305	54.93
1349	12.31	56.05
1350	12.315	60.52
1351	12.32	67.7
1352	12.326	75.42
1353	12.331	82.15
1354	12.336	86.77
1355	12.341	91.59
1356	12.346	62.48
1357	12.355	-22.98
1358	12.36	-19.43
1359	12.364	-13.37
1360	12.369	-5.57
1361	12.374	0.28
1362	12.378	0.18
1363	12.383	-3.26
1364	12.387	-2.11
1365	12.392	10.7
1366	12.396	41.03
1367	12.401	90.96
1368	12.405	153.34
1369	12.41	214.51
1370	12.414	262.24
1371	12.419	291.04
1372	12.423	301.66
1373	12.428	297.07
1374	12.432	281.37
1375	12.437	261.18
1376	12.441	243.62
1377	12.446	231.47
1378	12.451	223.46
1379	12.455	217.43
1380	12.46	211.24
1381	12.464	203.83
1382	12.469	196.05
1383	12.473	189.97
1384	12.478	187.49
1385	12.482	188.03
1386	12.487	190.1
1387	12.491	193.76
1388	12.496	205.03
1389	12.5	238.93
1390	12.505	317.26
1391	12.509	462.25
1392	12.514	688.37
1393	12.518	989.43
1394	12.523	1318.64
1395	12.528	1572.97
1396	12.532	1639.67
1397	12.537	1476.07
1398	12.541	1126.92
1399	12.546	704.3
1400	12.55	323.19
1401	12.555	52.64
1402	12.559	-83.32
1403	12.564	-106.78
1404	12.568	-73.01
1405	12.573	-23.24
1406	12.577	22.13
1407	12.582	52.11
1408	12.586	66.43
1409	12.591	73.6
1410	12.595	79.97
1411	12.6	83.97
1412	12.604	82.62
1413	12.609	78.18
1414	12.614	75.31
1415	12.618	75.7
1416	12.623	78.5
1417	12.627	81.9
1418	12.632	84.15
1419	12.636	84.64
1420	12.641	84.39
1421	12.645	84.64
1422	12.65	85.5
1423	12.654	86.8
1424	12.659	89.38
1425	12.663	96.7
1426	12.668	111.63
1427	12.672	133.74
1428	12.677	163.8
1429	12.681	203.66
1430	12.686	247.86
1431	12.691	285.96
1432	12.695	309.9
1433	12.7	312.89
1434	12.704	290.91
1435	12.709	248.96
1436	12.713	197.2
1437	12.718	146.25
1438	12.722	104.58
1439	12.727	77.19
1440	12.731	62.43
1441	12.736	57.02
1442	12.74	57.9
1443	12.745	60.43
1444	12.749	60.66
1445	12.754	57.67
1446	12.758	51.95
1447	12.763	44.98
1448	12.768	39.4
1449	12.772	36.26
1450	12.777	34.85
1451	12.781	34.25
1452	12.786	33.13
1453	12.79	30.67
1454	12.795	28.63
1455	12.799	29.48
1456	12.804	32.79
1457	12.808	36.08
1458	12.813	38.28
1459	12.817	41.18
1460	12.822	46.87
1461	12.826	54.27
1462	12.831	60.21
1463	12.835	63.48
1464	12.84	64.76
1465	12.845	64.95
1466	12.849	64
1467	12.854	61.2
1468	12.858	57.61
1469	12.863	56.08
1470	12.867	57.45
1471	12.872	60.61
1472	12.876	64.83
1473	12.881	69.6
1474	12.885	73.71
1475	12.89	76.47
1476	12.894	78.05
1477	12.899	77.69
1478	12.903	75.13
1479	12.908	71.96
1480	12.912	69.48
1481	12.917	67.55
1482	12.921	66.06
1483	12.926	66.11
1484	12.931	68.26
1485	12.935	70.44
1486	12.94	71.98
1487	12.944	75.45
1488	12.949	80.1
1489	12.953	81.16
1490	12.958	78.17
1491	12.962	75.75
1492	12.967	76.93
1493	12.971	82.61
1494	12.976	93.09
1495	12.98	107.58
1496	12.985	124.03
1497	12.989	138.07
1498	12.994	142.87
1499	12.998	136.12
1500	13.003	121.53
1501	13.008	103.61
1502	13.012	87.31
1503	13.017	77.24
1504	13.021	73.1
1505	13.026	72.02
1506	13.03	73.8
1507	13.035	78.41
1508	13.039	82.46
1509	13.044	83.57
1510	13.048	82.65
1511	13.053	80.06
1512	13.057	76.23
1513	13.062	72.6
1514	13.066	68.79
1515	13.071	63.08
1516	13.075	57.34
1517	13.08	55.17
1518	13.085	56.48
1519	13.089	59.49
1520	13.094	64.41
1521	13.098	71.33
1522	13.103	79.12
1523	13.107	87.38
1524	13.112	97.47
1525	13.116	112.64
1526	13.121	137.21
1527	13.125	174.14
1528	13.13	222.03
1529	13.134	275.58
1530	13.139	326.54
1531	13.143	367.33
1532	13.148	392.03
1533	13.152	398.53
1534	13.157	391.11
1535	13.162	375.67
1536	13.166	356
1537	13.171	338.73
1538	13.175	330.7
1539	13.18	330.8
1540	13.184	331.86
1541	13.189	329.47
1542	13.193	324.5
1543	13.198	321.94
1544	13.202	325.14
1545	13.207	332.34
1546	13.211	342.63
1547	13.216	358.74
1548	13.22	381.21
1549	13.225	407.03
1550	13.229	432.08
1551	13.234	456.5
1552	13.239	488.9
1553	13.243	533.28
1554	13.248	565.09
1555	13.252	31.57
1556	13.257	33.24
1557	13.261	33.86
1558	13.266	33.33
1559	13.27	31.79
1560	13.275	29.11
1561	13.279	26.11
1562	13.284	24.43
1563	13.288	24.59
1564	13.293	25.96
1565	13.297	27.7
1566	13.302	29.66
1567	13.306	32.23
1568	13.311	34.87
1569	13.316	37.29
1570	13.32	40.69
1571	13.325	45.52
1572	13.329	50.51
1573	13.334	54.27
1574	13.338	56.32
1575	13.343	57.58
1576	13.347	59.47
1577	13.352	62.98
1578	13.356	68.31
1579	13.361	75.41
1580	13.365	84.77
1581	13.37	96.36
1582	13.374	109.41
1583	13.379	122.34
1584	13.384	132.36
1585	13.388	137.6
1586	13.393	138.64
1587	13.397	138
1588	13.402	138.7
1589	13.406	142.88
1590	13.411	150.34
1591	13.415	158.89
1592	13.42	167.77
1593	13.424	178.47
1594	13.429	191.22
1595	13.433	204.91
1596	13.438	219.05
1597	13.442	232.18
1598	13.447	234.75
1599	13.452	6.42
1600	13.457	6.81
1601	13.462	8.67
1602	13.467	14.5
1603	13.472	27.38
1604	13.477	48.56
1605	13.482	75.9
1606	13.487	103.77
1607	13.492	122.11
1608	13.497	116
1609	13.502	65.15
1610	13.507	-51.45
1611	13.512	-242.46
1612	13.517	-495.64
1613	13.522	-782.57
1614	13.528	-1071.13
1615	13.533	-1341.74
1616	13.538	-1592.42
1617	13.543	-1822.42
1618	13.548	-2024.41
1619	13.553	-2204.31
1620	13.558	-2380.66
1621	13.563	-2561.78
1622	13.568	-2739.42
1623	13.573	-2901.67
1624	13.578	-3045.94
1625	13.583	-3188.31
1626	13.588	-3350.06
1627	13.593	-3534.59
1628	13.598	-3724.58
1629	13.603	-3894.82
1630	13.609	-4026.31
1631	13.614	-4125.36
1632	13.619	-4220.08
1633	13.624	-4330.62
1634	13.629	-4461.45
1635	13.634	-4642.17
1636	13.639	-4910.9
1637	13.644	-5232.46
1638	13.649	-5500.44
1639	13.654	-5595.34
1640	13.659	-5418.51
1641	13.664	-4926.71
1642	13.669	-4174.66
1643	13.674	-3324.47
1644	13.679	-2558.95
1645	13.685	-1999.3
1646	13.69	-1680.99
1647	13.695	-1590.81
1648	13.7	-1678.63
1649	13.705	-1894.65
1650	13.71	-2194.32
1651	13.715	-2489.01
1652	13.72	-2672.84
1653	13.725	-2730.49
1654	13.73	-2725.95
1655	13.735	-2698.03
1656	13.74	-2634.86
1657	13.745	-2530.42
1658	13.75	-2425.11
1659	13.755	-2375.19
1660	13.761	-2367.34
1661	13.766	-2283.06
1662	13.771	-1959.24
1663	13.776	-1241.86
1664	13.781	31.67
1665	13.786	1932.79
1666	13.791	4050.75
1667	13.796	5345.36
1668	13.801	4290.15
1669	13.806	-331.5
1670	13.811	-8166.33
1671	13.816	-16735.86
1672	13.821	-22558.1
1673	13.826	-23440.57
1674	13.831	-19831.6
1675	13.836	-14101.22
1676	13.842	-8714.17
1677	13.847	-4921.5
1678	13.852	-2737.25
1679	13.857	-1634.8
1680	13.862	-1116.42
1681	13.867	-892
1682	13.877	1.1
1683	13.881	1.84
1684	13.886	3.62
1685	13.89	7.3
1686	13.895	12.98
1687	13.899	19.06
1688	13.904	23.02
1689	13.908	24.55
1690	13.913	25.01
1691	13.917	26.34
1692	13.922	29.93
1693	13.926	34.2
1694	13.931	37.26
1695	13.935	40.45
1696	13.94	44.6
1697	13.944	48.42
1698	13.949	50.93
1699	13.954	52.03
1700	13.958	52.21
1701	13.963	52.02
1702	13.967	51.95
1703	13.972	52.86
1704	13.976	54.9
1705	13.981	56.61
1706	13.985	57.1
1707	13.99	57.29
1708	13.994	59.46
1709	13.999	65.24
1710	14.003	75.23
1711	14.008	92.33
1712	14.012	120.87
1713	14.017	160.74
1714	14.021	203.5
1715	14.026	235.05
1716	14.03	240.56
1717	14.035	215.89
1718	14.04	169.2
1719	14.044	114.43
1720	14.049	66.69
1721	14.053	34.59
1722	14.058	19.15
1723	14.062	15.41
1724	14.067	16.99
1725	14.071	19.89
1726	14.076	22.42
1727	14.08	24.43
1728	14.085	26.92
1729	14.089	29.69
1730	14.094	30.78
1731	14.098	29.69
1732	14.103	28.32
1733	14.107	27.3
1734	14.112	25.33
1735	14.117	22.77
1736	14.121	21.76
1737	14.126	22.86
1738	14.13	25.07
1739	14.135	28.86
1740	14.139	35.64
1741	14.144	44
1742	14.148	50.25
1743	14.153	51.5
1744	14.157	47.07
1745	14.162	38.59
1746	14.166	28.6
1747	14.171	18.75
1748	14.175	10.07
1749	14.18	4.12
1750	14.184	3.36
1751	14.189	2.44
1752	14.194	2.58
1753	14.198	4.36
1754	14.203	7.6
1755	14.207	12.15
1756	14.212	17.84
1757	14.216	23.3
1758	14.221	26.35
1759	14.225	26.36
1760	14.23	24.71
1761	14.234	22.06
1762	14.239	18.41
1763	14.243	14.52
1764	14.248	11.83
1765	14.252	10.93
1766	14.257	10.68
1767	14.262	9.82
1768	14.266	9.36
1769	14.271	10.57
1770	14.275	12.49
1771	14.28	13.64
1772	14.284	13.99
1773	14.289	14.2
1774	14.293	15.25
1775	14.298	17.76
1776	14.302	21.39
1777	14.307	25.44
1778	14.311	29.98
1779	14.316	35.74
1780	14.32	43.63
1781	14.325	53.98
1782	14.33	64.4
1783	14.334	69.57
1784	14.339	65.26
1785	14.343	51.54
1786	14.348	33.21
1787	14.352	16.83
1788	14.357	6.66
1789	14.361	3.85
1790	14.366	5.91
1791	14.37	9.1
1792	14.375	12.62
1793	14.379	16.54
1794	14.384	18.55
1795	14.388	16.75
1796	14.393	12.02
1797	14.398	7.35
1798	14.402	5.89
1799	14.407	7.65
1800	14.411	9.45
1801	14.416	9.82
1802	14.42	10.23
1803	14.425	11.46
1804	14.429	12.7
1805	14.434	13.24
1806	14.438	12.91
1807	14.443	12.24
1808	14.447	12.29
1809	14.452	13
1810	14.456	13.86
1811	14.461	15.56
1812	14.465	18.52
1813	14.47	22.08
1814	14.475	25.59
1815	14.479	27.88
1816	14.484	27.32
1817	14.488	23.17
1818	14.493	16.27
1819	14.497	8.83
1820	14.502	3.78
1821	14.506	2.95
1822	14.511	5.55
1823	14.515	8.77
1824	14.52	10.54
1825	14.524	10.85
1826	14.529	11.14
1827	14.533	12.55
1828	14.538	14.87
1829	14.543	17.05
1830	14.547	17.92
1831	14.552	17.1
1832	14.556	15.21
1833	14.561	13.35
1834	14.565	12.25
1835	14.57	11.94
1836	14.574	12.01
1837	14.579	11.85
1838	14.583	11.37
1839	14.588	11.04
1840	14.592	10.84
1841	14.597	10.71
1842	14.601	11.11
1843	14.606	11.53
1844	14.611	11.1
1845	14.615	10.75
1846	14.62	11.51
1847	14.624	12.22
1848	14.629	11.74
1849	14.633	10.87
1850	14.638	11.05
1851	14.642	12.6
1852	14.647	14.55
1853	14.651	15.29
1854	14.656	13.84
1855	14.66	11.36
1856	14.665	10.07
1857	14.669	10.04
1858	14.674	9.73
1859	14.679	8.73
1860	14.683	7.78
1861	14.688	7.56
1862	14.692	8.56
1863	14.697	10.45
1864	14.701	12.49
1865	14.706	14.46
1866	14.71	15.33
1867	14.715	13.85
1868	14.719	11.77
1869	14.724	12.15
1870	14.728	14.66
1871	14.733	16.76
1872	14.737	18.42
1873	14.742	21.01
1874	14.747	23.19
1875	14.751	22.53
1876	14.756	19.4
1877	14.76	16.23
1878	14.765	14.1
1879	14.769	12.72
1880	14.774	12.31
1881	14.778	13.21
1882	14.783	14.97
1883	14.787	16.87
1884	14.792	18.82
1885	14.796	20.41
1886	14.801	4.31
1887	14.806	3.88
1888	14.811	4.46
1889	14.816	5.15
1890	14.821	4.84
1891	14.826	4.76
1892	14.831	7.17
1893	14.836	11.63
1894	14.842	15.81
1895	14.847	18.7
1896	14.852	21.19
1897	14.857	24.16
1898	14.862	25.99
1899	14.867	25.61
1900	14.872	24.84
1901	14.877	24.68
1902	14.882	25.36
1903	14.887	27.28
1904	14.892	28.24
1905	14.897	26.74
1906	14.902	25.83
1907	14.907	27.58
1908	14.913	29.65
1909	14.918	30.35
1910	14.923	30.63
1911	14.928	31.46
1912	14.933	32.95
1913	14.938	34.25
1914	14.943	34.33
1915	14.948	32.99
1916	14.953	32.14
1917	14.958	35.92
1918	14.963	47.27
1919	14.968	65.1
1920	14.973	83.84
1921	14.978	95.23
1922	14.983	94.23
1923	14.989	81.79
1924	14.994	61.71
1925	14.999	39.2
1926	15.004	21.43
1927	15.009	13.01
1928	15.014	12.42
1929	15.019	15.45
1930	15.024	18.97
1931	15.029	21.17
1932	15.034	21
1933	15.039	18.99
1934	15.044	17.08
1935	15.049	17
1936	15.054	18.77
1937	15.06	20.62
1938	15.065	20.42
1939	15.07	17.61
1940	15.075	14.23
1941	15.08	12.52
1942	15.085	12.61
1943	15.09	12.93
1944	15.095	12.03
1945	15.1	10.48
1946	15.105	10.13
1947	15.11	11.58
1948	15.115	13.59
1949	15.12	14.39
1950	15.125	13.39
1951	15.131	11.56
1952	15.136	10.75
1953	15.141	12.84
1954	15.146	17.85
1955	15.151	23.14
1956	15.156	26.63
1957	15.161	28.27
1958	15.166	27.92
1959	15.171	25.11
1960	15.176	20.85
1961	15.181	16.28
1962	15.186	12.21
1963	15.191	9.93
1964	15.196	9.85
1965	15.202	11.68
1966	15.207	14.84
1967	15.212	17.47
1968	15.217	17.52
1969	15.222	14.81
1970	15.227	11.62
1971	15.232	10.65
1972	15.237	11.38
1973	15.242	11.63
1974	15.247	11.58
1975	15.252	12.26
1976	15.257	13.54
1977	15.262	16.11
1978	15.267	20.54
1979	15.273	25.33
1980	15.278	29.11
1981	15.283	31.1
1982	15.288	31.32
1983	15.293	30.46
1984	15.298	28.79
1985	15.303	26.59
1986	15.308	24.91
1987	15.313	24.26
1988	15.318	23.96
1989	15.323	22.83
1990	15.328	20.51
1991	15.333	18.02
1992	15.338	17.13
1993	15.344	20.49
1994	15.349	54.87
1995	15.356	25.11
1996	15.361	17.55
1997	15.366	11.8
1998	15.371	8.93
1999	15.377	9.12
2000	15.382	11.42
2001	15.387	13.55
2002	15.392	13.77
2003	15.397	11.77
2004	15.402	9.41
2005	15.407	9.22
2006	15.412	12.27
2007	15.417	17.91
2008	15.422	23.31
2009	15.427	25.76
2010	15.432	25.88
2011	15.437	25.52
2012	15.443	24.92
2013	15.448	23.58
2014	15.453	21.88
2015	15.458	20.5
2016	15.463	20.13
2017	15.468	21.59
2018	15.473	23.87
2019	15.478	24.51
2020	15.483	22.73
2021	15.488	20.18
2022	15.493	18.85
2023	15.498	19.01
2024	15.503	19.52
2025	15.509	20.33
2026	15.514	21.95
2027	15.519	23.15
2028	15.524	22.15
2029	15.529	19.13
2030	15.534	16.86
2031	15.539	18.56
2032	15.544	25.41
2033	15.549	36.7
2034	15.554	50.48
2035	15.559	63.77
2036	15.564	73.24
2037	15.569	73.28
2038	15.575	61.46
2039	15.58	44.94
2040	15.585	33.47
2041	15.59	28.64
2042	15.595	27.02
2043	15.6	25.56
2044	15.605	23.41
2045	15.61	21.47
2046	15.615	21.19
2047	15.62	21.64
2048	15.625	20.49
2049	15.63	18.01
2050	15.635	16.01
2051	15.641	15.01
2052	15.646	18.76
2053	15.655	6.7
2054	15.66	7.58
2055	15.664	9.76
2056	15.669	13.31
2057	15.673	18.15
2058	15.678	23.47
2059	15.683	28.02
2060	15.687	30.61
2061	15.692	30.79
2062	15.696	29.01
2063	15.701	26.3
2064	15.705	24.05
2065	15.71	22.44
2066	15.714	20.27
2067	15.719	17.66
2068	15.723	16.31
2069	15.728	17.36
2070	15.732	20.84
2071	15.737	26.43
2072	15.741	32.42
2073	15.746	35.68
2074	15.75	35.67
2075	15.755	34.39
2076	15.76	33.59
2077	15.764	34.61
2078	15.769	37.98
2079	15.773	42.51
2080	15.778	46.19
2081	15.782	48.06
2082	15.787	49.06
2083	15.791	49.77
2084	15.796	49.35
2085	15.8	47.26
2086	15.805	44.49
2087	15.809	42.52
2088	15.814	42.7
2089	15.818	45.25
2090	15.823	48.95
2091	15.828	53.04
2092	15.832	57.39
2093	15.837	60.24
2094	15.841	58.75
2095	15.846	51.48
2096	15.85	40.29
2097	15.855	29.71
2098	15.859	22.89
2099	15.864	19.66
2100	15.868	17.72
2101	15.873	12.1
2102	15.877	11.17
2103	15.882	10.84
2104	15.886	10.52
2105	15.891	9.59
2106	15.896	8.39
2107	15.9	7.58
2108	15.905	7.39
2109	15.909	7.45
2110	15.914	7.27
2111	15.918	7.21
2112	15.923	8.1
2113	15.927	9.63
2114	15.932	10.82
2115	15.936	11.38
2116	15.941	11.34
2117	15.945	11
2118	15.95	11.24
2119	15.954	12.35
2120	15.959	13.74
2121	15.963	14.71
2122	15.968	14.89
2123	15.973	14.77
2124	15.977	15.3
2125	15.982	16.25
2126	15.986	16.73
2127	15.991	16.64
2128	15.995	16.36
2129	16	16.52
2130	16.004	17.73
2131	16.009	19.29
2132	16.013	19.98
2133	16.018	20.05
2134	16.022	20.87
2135	16.027	22.51
2136	16.031	23.58
2137	16.036	42.21
2138	16.04	298.8
2139	16.045	271.71
2140	16.05	247.62
2141	16.054	236.42
2142	16.059	243.72
2143	16.063	274.78
2144	16.068	338.67
2145	16.072	434.74
2146	16.077	549.79
2147	16.081	667.71
2148	16.086	769.02
2149	16.09	833.2
2150	16.095	854.16
2151	16.099	843.51
2152	16.104	812.47
2153	16.108	761.22
2154	16.113	696.16
2155	16.118	637.04
2156	16.122	599.93
2157	16.127	584.48
2158	16.131	579.51
2159	16.136	573.42
2160	16.14	563.15
2161	16.145	553
2162	16.149	546.66
2163	16.154	545.17
2164	16.158	546.83
2165	16.163	547.66
2166	16.167	542.27
2167	16.172	529.33
2168	16.176	518.86
2169	16.181	527.32
2170	16.185	580.69
2171	16.19	731.21
2172	16.195	1054.02
2173	16.199	1612.67
2174	16.204	2418.38
2175	16.208	3389.5
2176	16.213	4334.8
2177	16.217	5002.47
2178	16.222	5166.58
2179	16.226	4754.66
2180	16.231	3904.76
2181	16.235	2897.17
2182	16.24	1991.39
2183	16.244	1317.23
2184	16.249	896.65
2185	16.253	669.25
2186	16.258	554.23
2187	16.263	490.89
2188	16.267	447.21
2189	16.272	411.42
2190	16.276	377.21
2191	16.281	342.25
2192	16.285	310.05
2193	16.29	281.4
2194	16.294	253.49
2195	16.299	225.26
2196	16.303	200.7
2197	16.308	182.91
2198	16.312	168.95
2199	16.317	154.97
2200	16.321	141.68
2201	16.326	131.02
2202	16.331	124.05
2203	16.335	120.1
2204	16.34	117.08
2205	16.344	114.31
2206	16.349	111.73
2207	16.353	107.25
2208	16.358	101.04
2209	16.362	96.07
2210	16.367	92.54
2211	16.371	88.85
2212	16.376	85.87
2213	16.38	85.07
2214	16.385	85.66
2215	16.389	86.25
2216	16.394	86.67
2217	16.399	86.06
2218	16.403	37.71
2219	16.408	43.32
2220	16.413	53.37
2221	16.418	64.94
2222	16.423	74.97
2223	16.428	83.36
2224	16.433	88.74
2225	16.439	86
2226	16.444	73.65
2227	16.449	57.62
2228	16.454	44.15
2229	16.459	35
2230	16.464	28.96
2231	16.469	24.77
2232	16.474	22.7
2233	16.479	24.09
2234	16.484	28.6
2235	16.489	32.24
2236	16.494	31.13
2237	16.499	27.04
2238	16.504	24.05
2239	16.509	22.84
2240	16.515	22.13
2241	16.52	21.89
2242	16.525	22.25
2243	16.53	22.96
2244	16.535	24.95
2245	16.54	27.25
2246	16.545	27.65
2247	16.55	28.26
2248	16.555	31
2249	16.56	32.16
2250	16.565	30.67
2251	16.57	31.28
2252	16.575	35.87
2253	16.58	43.94
2254	16.585	56.63
2255	16.591	69.25
2256	16.596	72.01
2257	16.601	64.73
2258	16.606	59.82
2259	16.611	67.01
2260	16.616	85.05
2261	16.621	108.62
2262	16.626	129.91
2263	16.631	137.37
2264	16.636	124.9
2265	16.641	97.24
2266	16.646	66.37
2267	16.651	42.83
2268	16.656	30.86
2269	16.661	29.36
2270	16.667	32.74
2271	16.672	35.63
2272	16.677	36.84
2273	16.682	37.12
2274	16.687	37.63
2275	16.692	38.26
2276	16.697	36.58
2277	16.702	31.9
2278	16.707	27.83
2279	16.712	28.21
2280	16.717	32.22
2281	16.722	35.66
2282	16.727	35.26
2283	16.732	23.99
2284	16.738	19.81
2285	16.743	16.42
2286	16.748	14.12
2287	16.753	13.16
2288	16.758	13.94
2289	16.763	15.77
2290	16.768	17.75
2291	16.773	20.02
2292	16.778	23.13
2293	16.783	27.2
2294	16.788	31.73
2295	16.793	35.82
2296	16.798	39.58
2297	16.803	42.69
2298	16.809	43.03
2299	16.814	39.96
2300	16.819	36.9
2301	16.824	37.43
2302	16.829	40.09
2303	16.834	41.22
2304	16.839	40.66
2305	16.844	41.16
2306	16.849	43.36
2307	16.854	44.58
2308	16.859	43.11
2309	16.864	40.07
2310	16.869	37.01
2311	16.875	34.61
2312	16.88	32.65
2313	16.885	30.71
2314	16.89	29.32
2315	16.895	30.34
2316	16.9	35.06
2317	16.905	43.17
2318	16.91	54.01
2319	16.915	68.4
2320	16.92	87.52
2321	16.925	108.23
2322	16.93	121.11
2323	16.935	119.41
2324	16.94	105.43
2325	16.946	87.02
2326	16.951	71.25
2327	16.956	60.95
2328	16.961	55.94
2329	16.966	54.28
2330	16.971	54.87
2331	16.976	57.07
2332	16.981	57.46
2333	16.986	53.26
2334	16.991	46.57
2335	16.996	40.52
2336	17.001	34.52
2337	17.006	27.81
2338	17.012	22.71
2339	17.017	20.61
2340	17.022	20.17
2341	17.027	19.76
2342	17.032	19.23
2343	17.037	19.42
2344	17.042	20.69
2345	17.047	22.28
2346	17.052	23.58
2347	17.057	24.75
2348	17.062	25.94
2349	17.067	26.71
2350	17.072	26.52
2351	17.077	26.14
2352	17.083	27.13
2353	17.088	29.62
2354	17.093	31.89
2355	17.098	32.36
2356	17.103	31.08
2357	17.108	29.38
2358	17.113	27.71
2359	17.118	25.63
2360	17.123	23.33
2361	17.128	21.8
2362	17.133	21.72
2363	17.138	22.7
2364	17.143	26.79
2365	17.149	44.98
2366	17.156	43.79
2367	17.161	45.6
2368	17.166	45.78
2369	17.171	47.41
2370	17.176	52.11
2371	17.182	56.47
2372	17.187	56.66
2373	17.192	51.82
2374	17.197	43.15
2375	17.202	34.71
2376	17.207	32.04
2377	17.212	36.76
2378	17.217	44.66
2379	17.222	50.4
2380	17.227	52.21
2381	17.232	50.82
2382	17.237	47.34
2383	17.242	43.97
2384	17.247	41.72
2385	17.252	39.88
2386	17.258	39.09
2387	17.263	39.3
2388	17.268	38.2
2389	17.273	35.67
2390	17.278	34.43
2391	17.283	35.24
2392	17.288	37.21
2393	17.293	40.82
2394	17.298	45.14
2395	17.303	46.39
2396	17.308	44.8
2397	17.313	44.38
2398	17.318	44.49
2399	17.323	42.73
2400	17.329	42.36
2401	17.334	46.02
2402	17.339	50.01
2403	17.344	50.37
2404	17.349	47.68
2405	17.354	45.33
2406	17.359	45.81
2407	17.364	47.86
2408	17.369	48.77
2409	17.374	49.06
2410	17.379	50.85
2411	17.384	51.65
2412	17.389	47.34
2413	17.394	39.16
2414	17.399	31.23
2415	17.405	25.78
2416	17.41	23.79
2417	17.415	24.75
2418	17.42	26.29
2419	17.425	27.53
2420	17.43	29.26
2421	17.435	30.14
2422	17.44	29.43
2423	17.445	29.54
2424	17.45	32.15
2425	17.455	35.36
2426	17.46	37.74
2427	17.465	40.13
2428	17.47	42.35
2429	17.476	43.45
2430	17.481	43.81
2431	17.486	43.74
2432	17.491	43.43
2433	17.496	44.41
2434	17.501	46.43
2435	17.506	46.72
2436	17.511	44.91
2437	17.516	43.8
2438	17.521	44.77
2439	17.526	46.74
2440	17.531	49.61
2441	17.536	54.11
2442	17.541	57.76
2443	17.546	57.2
2444	17.552	53.85
2445	17.557	50.4
2446	17.562	46.05
2447	17.567	41.12
2448	17.572	39.62
2449	17.577	41.62
2450	17.582	42.3
2451	17.587	41.32
2452	17.592	42.48
2453	17.597	45.53
2454	17.602	47.25
2455	17.607	47.31
2456	17.612	46.88
2457	17.617	47.38
2458	17.623	52.05
2459	17.628	62.32
2460	17.633	74.07
2461	17.638	81.35
2462	17.643	79.69
2463	17.648	67.1
2464	17.653	48.9
2465	17.658	34.79
2466	17.663	28.94
2467	17.668	28.53
2468	17.673	26.96
2469	17.678	21.19
2470	17.683	16.4
2471	17.688	18.4
2472	17.693	25.41
2473	17.699	30.41
2474	17.704	27.77
2475	17.709	18.14
2476	17.714	6.22
2477	17.719	-2.79
2478	17.724	-5.61
2479	17.729	-4.75
2480	17.734	-4.59
2481	17.739	-5.15
2482	17.744	-4.78
2483	17.749	-2.98
2484	17.754	-0.74
2485	17.759	-0.56
2486	17.764	-2.73
2487	17.77	-4.02
2488	17.775	-3.66
2489	17.78	-3.83
2490	17.785	-3.66
2491	17.79	1.47
2492	17.795	18.63
2493	17.8	57.34
2494	17.805	125.75
2495	17.81	220.61
2496	17.815	319.06
2497	17.82	384.04
2498	17.825	391.22
2499	17.83	340.16
2500	17.835	247.91
2501	17.84	143.83
2502	17.846	61.38
2503	17.851	18.7
2504	17.856	11.38
2505	17.861	24.24
2506	17.866	41.01
2507	17.871	49.64
2508	17.876	47.08
2509	17.881	40.7
2510	17.886	38.72
2511	17.891	41.16
2512	17.896	44.19
2513	17.901	45.37
2514	17.906	43.72
2515	17.911	41.25
2516	17.916	41.86
2517	17.922	46.77
2518	17.927	52.87
2519	17.932	56.04
2520	17.937	56.29
2521	17.942	55.69
2522	17.947	55.22
2523	17.952	55.9
2524	17.957	56.26
2525	17.962	52.84
2526	17.967	48.49
2527	17.972	48.57
2528	17.977	50.78
2529	17.982	50.35
2530	17.987	47.62
2531	17.993	44.93
2532	17.998	43.63
2533	18.003	45.2
2534	18.008	49.46
2535	18.013	52.49
2536	18.018	51.27
2537	18.023	48.64
2538	18.028	48.51
2539	18.033	50.45
2540	18.038	52.68
2541	18.043	55.57
2542	18.048	57.84
2543	18.053	57.18
2544	18.058	55.19
2545	18.063	54.81
2546	18.069	54.17
2547	18.074	51.14
2548	18.079	49.2
2549	18.084	49.47
2550	18.089	47.47
2551	18.094	43.67
2552	18.099	42.48
2553	18.104	44.51
2554	18.109	47.81
2555	18.114	51.65
2556	18.119	55.46
2557	18.124	58.19
2558	18.129	59.86
2559	18.134	61.17
2560	18.14	62.27
2561	18.145	63.29
2562	18.15	64.23
2563	18.155	64.56
2564	18.16	62.53
2565	18.165	57.3
2566	18.17	52.15
2567	18.175	51.97
2568	18.18	57.16
2569	18.185	62.52
2570	18.19	65.1
2571	18.195	66.24
2572	18.2	65.93
2573	18.205	63.9
2574	18.21	61.95
2575	18.216	60.07
2576	18.221	57.27
2577	18.226	55.03
2578	18.231	54.96
2579	18.236	57
2580	18.241	59.64
2581	18.246	59.35
2582	18.251	55.38
2583	18.256	52.87
2584	18.261	53.86
2585	18.266	54.31
2586	18.271	52.52
2587	18.276	50.22
2588	18.281	48.04
2589	18.287	46.15
2590	18.292	46.87
2591	18.297	51.22
2592	18.302	57.9
2593	18.307	64.87
2594	18.312	69.73
2595	18.317	71.06
2596	18.322	68.38
2597	18.327	62.55
2598	18.332	57.44
2599	18.337	56.22
2600	18.342	57.85
2601	18.347	61.33
2602	18.352	65.72
2603	18.357	67.19
2604	18.363	63.74
2605	18.368	58.58
2606	18.373	54.93
2607	18.378	53.77
2608	18.383	55.74
2609	18.388	60.39
2610	18.393	64.07
2611	18.398	64.17
2612	18.403	63.46
2613	18.408	64.51
2614	18.413	66.35
2615	18.418	69.09
2616	18.423	73.56
2617	18.428	77.74
2618	18.433	80.52
2619	18.439	82.29
2620	18.444	82.07
2621	18.449	79.51
2622	18.454	74.35
2623	18.459	67.25
2624	18.464	60.79
2625	18.469	55.48
2626	18.474	53.06
2627	18.479	56.2
2628	18.484	60.62
2629	18.489	61.48
2630	18.494	61.38
2631	18.499	62.3
2632	18.504	61.77
2633	18.51	58.75
2634	18.515	55.68
2635	18.52	56.17
2636	18.525	59.25
2637	18.53	60.09
2638	18.535	57.19
2639	18.54	53.84
2640	18.545	52.39
2641	18.55	53.16
2642	18.555	54.91
2643	18.56	55.31
2644	18.565	55.43
2645	18.57	58.17
2646	18.575	61.06
2647	18.58	60.25
2648	18.586	56.92
2649	18.591	53.3
2650	18.596	50.3
2651	18.601	49.66
2652	18.606	52
2653	18.611	55.8
2654	18.616	60.42
2655	18.621	64.48
2656	18.626	64.92
2657	18.631	60.32
2658	18.636	51.73
2659	18.641	43.34
2660	18.646	39.56
2661	18.651	39.94
2662	18.657	42.91
2663	18.662	47.97
2664	18.667	51.87
2665	18.672	52.36
2666	18.677	50.58
2667	18.682	46.85
2668	18.687	42.25
2669	18.692	41.02
2670	18.697	45.42
2671	18.702	51.63
2672	18.707	53.83
2673	18.712	50.13
2674	18.717	44.14
2675	18.722	41.3
2676	18.727	45.08
2677	18.733	53.63
2678	18.738	59.2
2679	18.743	57.08
2680	18.748	52.97
2681	18.753	53.72
2682	18.758	56.82
2683	18.763	55.85
2684	18.768	49.89
2685	18.773	42.79
2686	18.778	38.26
2687	18.783	38.69
2688	18.788	43.48
2689	18.793	48.9
2690	18.798	50.43
2691	18.804	46.71
2692	18.809	41.77
2693	18.814	40.63
2694	18.819	44.37
2695	18.824	51.63
2696	18.829	57.3
2697	18.834	54.29
2698	18.839	43.28
2699	18.844	32.88
2700	18.849	28.88
2701	18.854	29.02
2702	18.859	28.37
2703	18.864	25.95
2704	18.869	23.37
2705	18.874	20.98
2706	18.88	18.26
2707	18.885	15.41
2708	18.89	11.83
2709	18.895	6.89
2710	18.9	3.58
2711	18.905	4.15
2712	18.91	4.64
2713	18.915	1.74
2714	18.92	-1.38
2715	18.925	2.52
2716	18.93	23.43
2717	18.935	73.02
2718	18.94	155.62
2719	18.945	253.08
2720	18.95	330.43
2721	18.956	365.75
2722	18.961	366.06
2723	18.966	350.26
2724	18.975	10
2725	18.98	9.58
2726	18.984	8.68
2727	18.989	7.89
2728	18.994	7.72
2729	18.998	8.1
2730	19.003	8.58
2731	19.007	8.81
2732	19.012	8.66
2733	19.016	8.26
2734	19.021	7.58
2735	19.025	6.49
2736	19.03	5.19
2737	19.034	4.43
2738	19.039	4.82
2739	19.043	6.05
2740	19.048	7.03
2741	19.052	7.09
2742	19.057	6.32
2743	19.062	5.05
2744	19.066	3.57
2745	19.071	2.25
2746	19.075	1.41
2747	19.08	1.45
2748	19.084	2.53
2749	19.089	4.03
2750	19.093	5.24
2751	19.098	5.89
2752	19.102	5.89
2753	19.107	5.42
2754	19.111	5.08
2755	19.116	5.27
2756	19.121	5.54
2757	19.125	5.22
2758	19.13	4.28
2759	19.134	3.34
2760	19.139	2.94
2761	19.143	3.05
2762	19.148	5.82
2763	19.152	68.21
2764	19.157	64.49
2765	19.162	60.41
2766	19.168	56.22
2767	19.173	52.08
2768	19.178	47.67
2769	19.183	43.42
2770	19.188	42.46
2771	19.193	47.11
2772	19.198	54.29
2773	19.203	59.18
2774	19.208	60.68
2775	19.213	62.02
2776	19.218	65.61
2777	19.223	69.2
2778	19.228	69.81
2779	19.234	66.75
2780	19.239	60.84
2781	19.244	53.73
2782	19.249	46.85
2783	19.254	41.02
2784	19.259	36.8
2785	19.264	34.3
2786	19.269	33.42
2787	19.274	33.54
2788	19.279	33.36
2789	19.284	31.06
2790	19.289	26.98
2791	19.294	23.83
2792	19.3	23.26
2793	19.305	24.43
2794	19.31	26
2795	19.315	27.85
2796	19.32	31.25
2797	19.325	39.03
2798	19.33	54.91
2799	19.335	82.43
2800	19.34	126.96
2801	19.345	192.55
2802	19.35	271.38
2803	19.355	344.73
2804	19.361	393.37
2805	19.366	408.99
2806	19.371	392.66
2807	19.376	349.5
2808	19.381	289.88
2809	19.386	225.64
2810	19.391	167.03
2811	19.396	121.13
2812	19.401	89.84
2813	19.406	70.56
2814	19.411	58.08
2815	19.416	48.43
2816	19.421	40.7
2817	19.427	34.94
2818	19.432	30.47
2819	19.437	27.16
2820	19.442	25.2
2821	19.447	23.67
2822	19.452	22.09
2823	19.457	20.98
2824	19.462	20.56
2825	19.467	20.67
2826	19.472	21.49
2827	19.477	22.93
2828	19.482	23.85
2829	19.487	23.5
2830	19.493	22.19
2831	19.498	20.48
2832	19.503	19.1
2833	19.508	18.35
2834	19.513	17.63
2835	19.518	16.54
2836	19.523	15.75
2837	19.528	16.03
2838	19.533	17.18
2839	19.538	18.2
2840	19.543	18.72
2841	19.548	19.06
2842	19.553	18.67
2843	19.559	16.61
2844	19.564	14.01
2845	19.569	13.12
2846	19.574	13.87
2847	19.579	14.24
2848	19.584	13.29
2849	19.589	12.02
2850	19.594	11.69
2851	19.599	12.05
2852	19.604	12.17
2853	19.609	12.49
2854	19.614	13.68
2855	19.619	14.79
2856	19.625	15.08
2857	19.63	15.15
2858	19.635	15.65
2859	19.64	17.69
2860	19.645	23.08
2861	19.65	32.36
2862	19.655	44.13
2863	19.66	55.63
2864	19.665	64.55
2865	19.67	70.21
2866	19.675	72.04
2867	19.68	69.02
2868	19.685	60.14
2869	19.691	47.09
2870	19.696	34.36
2871	19.701	24.91
2872	19.706	18.97
2873	19.711	15.58
2874	19.716	13.83
2875	19.721	13.05
2876	19.726	12.52
2877	19.731	11.78
2878	19.736	10.82
2879	19.741	9.85
2880	19.746	9.28
2881	19.751	9.07
2882	19.757	8.8
2883	19.762	8.58
2884	19.767	8.79
2885	19.772	9.26
2886	19.777	9.5
2887	19.782	9.33
2888	19.787	9.14
2889	19.792	9.38
2890	19.797	10.02
2891	19.802	10.73
2892	19.807	11.29
2893	19.812	11.56
2894	19.817	11.38
2895	19.823	11.08
2896	19.828	10.98
2897	19.833	10.76
2898	19.838	10.4
2899	19.843	10
2900	19.848	9.15
2901	19.853	7.89
2902	19.858	7.24
2903	19.863	7.84
2904	19.868	9.11
2905	19.873	10.13
2906	19.878	10.73
2907	19.884	11.02
2908	19.889	10.45
2909	19.894	8.51
2910	19.899	6.16
2911	19.904	5.21
2912	19.909	5.93
2913	19.914	7.05
2914	19.919	7.92
2915	19.924	8.7
2916	19.929	9.28
2917	19.934	9.82
2918	19.939	10.82
2919	19.944	11.94
2920	19.95	6
2921	19.957	1.54
2922	19.961	1.33
2923	19.966	0.98
2924	19.97	0.62
2925	19.975	0.59
2926	19.979	1
2927	19.984	1.53
2928	19.988	1.59
2929	19.993	1.14
2930	19.997	0.79
2931	20.002	0.83
2932	20.007	1.02
2933	20.011	1.09
2934	20.016	1.2
2935	20.02	1.78
2936	20.025	2.66
2937	20.029	3.07
2938	20.034	2.68
2939	20.038	1.85
2940	20.043	1.08
2941	20.047	0.72
2942	20.052	0.83
2943	20.056	1.4
2944	20.061	2.34
2945	20.066	3.02
2946	20.07	2.84
2947	20.075	2.06
2948	20.079	1.27
2949	20.084	1.01
2950	20.088	1.55
2951	20.093	2.43
2952	20.097	3.04
2953	20.102	3.59
2954	20.106	4.55
2955	20.111	5.77
2956	20.115	6.7
2957	20.12	7.4
2958	20.125	8.03
2959	20.129	8.08
2960	20.134	7.61
2961	20.138	7.65
2962	20.143	8.24
2963	20.147	8.33
2964	20.152	7.86
2965	20.156	7.65
2966	20.161	7.98
2967	20.165	8.68
2968	20.17	9.3
2969	20.174	9.34
2970	20.179	8.78
2971	20.184	7.99
2972	20.188	7.28
2973	20.193	6.62
2974	20.197	6.02
2975	20.202	5.79
2976	20.206	6.03
2977	20.211	6.44
2978	20.215	6.54
2979	20.22	6.31
2980	20.224	6.27
2981	20.229	6.68
2982	20.233	7.12
2983	20.238	7.19
2984	20.243	7.09
2985	20.247	7.17
2986	20.252	7.35
2987	20.256	7.42
2988	20.261	7.37
2989	20.265	7.57
2990	20.27	8.43
2991	20.274	10.09
2992	20.279	12.68
2993	20.283	16.34
2994	20.288	20.81
2995	20.292	25.85
2996	20.297	31.44
2997	20.302	36.74
2998	20.306	40.16
2999	20.311	40.8
3000	20.315	39.24
3001	20.32	36.06
3002	20.324	31.72
3003	20.329	27.2
3004	20.333	23.07
3005	20.338	19.32
3006	20.342	16.29
3007	20.347	14.3
3008	20.351	12.84
3009	20.356	11.42
3010	20.361	10.06
3011	20.365	9.01
3012	20.37	8.38
3013	20.374	8.02
3014	20.379	7.58
3015	20.383	6.89
3016	20.388	6.3
3017	20.392	6.32
3018	20.397	6.83
3019	20.401	7.2
3020	20.406	6.95
3021	20.41	6.1
3022	20.415	5.11
3023	20.42	4.39
3024	20.424	4.08
3025	20.429	4.21
3026	20.433	4.71
3027	20.438	5.23
3028	20.442	5.37
3029	20.447	5.2
3030	20.451	5.09
3031	20.456	5.14
3032	20.46	5.17
3033	20.465	5.12
3034	20.469	5.19
3035	20.474	5.51
3036	20.479	6
3037	20.483	6.51
3038	20.488	6.63
3039	20.492	6.07
3040	20.497	5.25
3041	20.501	4.68
3042	20.506	4.41
3043	20.51	4.2
3044	20.515	4.04
3045	20.519	4.13
3046	20.524	4.6
3047	20.528	5.31
3048	20.533	6.09
3049	20.538	7
3050	20.542	8.03
3051	20.547	8.81
3052	20.551	9.39
3053	20.556	10.27
3054	20.56	11.32
3055	20.565	11.75
3056	20.569	11.2
3057	20.574	10.13
3058	20.578	8.98
3059	20.583	7.75
3060	20.587	6.49
3061	20.592	5.56
3062	20.597	5.22
3063	20.601	5.13
3064	20.606	4.79
3065	20.61	4.39
3066	20.615	4.29
3067	20.619	4.49
3068	20.624	4.81
3069	20.628	4.98
3070	20.633	4.72
3071	20.637	4.34
3072	20.642	4.27
3073	20.646	4.21
3074	20.651	3.83
3075	20.656	3.38
3076	20.66	3.15
3077	20.665	3.25
3078	20.669	3.56
3079	20.674	3.94
3080	20.678	4.33
3081	20.683	4.61
3082	20.687	4.39
3083	20.692	3.7
3084	20.696	3.11
3085	20.701	3.06
3086	20.705	3.53
3087	20.71	4.2
3088	20.714	4.73
3089	20.719	4.91
3090	20.724	4.66
3091	20.728	4.01
3092	20.733	3.08
3093	20.737	2.24
3094	20.742	1.76
3095	20.746	1.53
3096	20.751	1.46
3097	20.755	1.61
3098	20.76	1.96
3099	20.764	2.35
3100	20.769	2.58
3101	20.773	2.53
3102	20.778	2.42
3103	20.783	2.64
3104	20.787	3.22
3105	20.792	3.81
3106	20.796	4.09
3107	20.801	3.96
3108	20.805	3.57
3109	20.81	3.03
3110	20.814	2.42
3111	20.819	2
3112	20.823	1.95
3113	20.828	2.09
3114	20.832	2.11
3115	20.837	2.12
3116	20.842	2.4
3117	20.846	2.78
3118	20.851	2.89
3119	20.855	2.68
3120	20.86	2.35
3121	20.864	2.28
3122	20.869	2.48
3123	20.873	2.54
3124	20.878	2.45
3125	20.882	2.46
3126	20.887	2.59
3127	20.891	2.69
3128	20.896	2.5
3129	20.901	1.91
3130	20.905	1.26
3131	20.91	1.07
3132	20.914	1.38
3133	20.919	1.75
3134	20.923	1.95
3135	20.928	2.04
3136	20.932	1.95
3137	20.937	1.59
3138	20.941	1.14
3139	20.946	0.9
3140	20.95	0.86
3141	20.955	0.79
3142	20.96	0.67
3143	20.964	0.6
3144	20.969	0.69
3145	20.973	0.89
3146	20.978	1.03
3147	20.982	1.08
3148	20.987	1.02
3149	20.991	0.9
3150	20.996	0.97
3151	21	1.24
3152	21.005	1.55
3153	21.009	1.87
3154	21.014	2.17
3155	21.019	2.43
3156	21.023	2.35
3157	21.028	1.71
3158	21.032	0.86
3159	21.037	0.33
3160	21.041	0.34
3161	21.046	0.53
3162	21.05	0.46
3163	21.055	0.22
3164	21.059	0.24
3165	21.064	0.5
3166	21.068	0.88
3167	21.073	1.46
3168	21.078	1.97
3169	21.082	1.95
3170	21.087	1.56
3171	21.091	1.46
3172	21.096	1.77
3173	21.1	2
3174	21.105	1.82
3175	21.109	1.25
3176	21.114	0.68
3177	21.118	0.55
3178	21.123	0.81
3179	21.127	0.99
3180	21.132	1.1
3181	21.137	1.46
3182	21.141	1.85
3183	21.146	1.81
3184	21.15	1.51
3185	21.155	1.39
3186	21.159	1.39
3187	21.164	1.09
3188	21.168	0.55
3189	21.173	0.07
3190	21.177	-0.31
3191	21.182	-0.53
3192	21.186	-0.42
3193	21.191	-0.16
3194	21.196	-0.01
3195	21.2	0.07
3196	21.205	0.18
3197	21.209	0.33
3198	21.214	0.54
3199	21.218	0.73
3200	21.223	0.67
3201	21.227	0.34
3202	21.232	-0.1
3203	21.236	-0.4
3204	21.241	-0.46
3205	21.245	-0.33
3206	21.25	-0.23
3207	21.255	-0.37
3208	21.259	-0.63
3209	21.264	-0.73
3210	21.268	-0.63
3211	21.273	-0.37
3212	21.277	0.09
3213	21.282	0.45
3214	21.286	0.3
3215	21.291	-0.25
3216	21.295	-0.68
3217	21.3	-0.78
3218	21.304	-0.68
3219	21.309	-0.62
3220	21.314	-0.71
3221	21.318	-0.89
3222	21.323	-1.01
3223	21.327	-1.14
3224	21.332	-1.44
3225	21.336	-1.72
3226	21.341	-1.62
3227	21.345	-1.23
3228	21.35	-0.89
3229	21.354	-0.72
3230	21.359	-0.58
3231	21.363	-0.52
3232	21.368	-0.6
3233	21.373	-0.65
3234	21.377	-0.59
3235	21.382	-0.61
3236	21.386	-0.79
3237	21.391	-1.23
3238	21.395	-1.98
3239	21.4	-2.66
3240	21.404	-2.86
3241	21.409	-2.62
3242	21.413	-2.34
3243	21.418	-2.39
3244	21.422	-2.72
3245	21.427	-2.99
3246	21.432	-3.04
3247	21.436	-3.02
3248	21.441	-3.06
3249	21.445	-3.08
3250	21.45	-2.93
3251	21.454	-2.64
3252	21.459	-2.39
3253	21.463	-2.25
3254	21.468	-2.17
3255	21.472	-2.15
3256	21.477	-2.14
3257	21.481	-2.13
3258	21.486	-2.17
3259	21.49	-2.35
3260	21.495	-2.65
3261	21.5	-2.82
3262	21.504	-2.81
3263	21.509	-2.85
3264	21.513	-2.83
3265	21.518	-2.47
3266	21.522	-1.89
3267	21.527	-1.41
3268	21.531	-1.17
3269	21.536	-1.23
3270	21.54	-1.55
3271	21.545	-1.99
3272	21.549	-2.27
3273	21.554	-2.11
3274	21.559	-1.64
3275	21.563	-1.37
3276	21.568	-1.35
3277	21.572	-1.29
3278	21.577	-1.21
3279	21.581	-1.18
3280	21.586	-1.08
3281	21.59	-0.86
3282	21.595	-0.59
3283	21.599	-0.44
3284	21.604	-0.46
3285	21.608	-0.48
3286	21.613	-0.38
3287	21.618	-0.14
3288	21.622	0.18
3289	21.627	0.4
3290	21.631	0.35
3291	21.636	0.09
3292	21.64	-0.16
3293	21.645	-0.31
3294	21.649	-0.45
3295	21.654	-0.71
3296	21.658	-0.92
3297	21.663	-0.75
3298	21.667	-0.24
3299	21.672	0.31
3300	21.677	0.49
3301	21.681	0.12
3302	21.686	-0.47
3303	21.69	-0.76
3304	21.695	-0.76
3305	21.699	-0.74
3306	21.704	-0.66
3307	21.708	-0.42
3308	21.713	-0.19
3309	21.717	-0.01
3310	21.722	0.24
3311	21.726	0.48
3312	21.731	0.62
3313	21.736	0.68
3314	21.74	0.62
3315	21.745	0.38
3316	21.749	-0.02
3317	21.754	-0.37
3318	21.758	-0.36
3319	21.763	0.1
3320	21.767	0.82
3321	21.772	1.38
3322	21.776	1.36
3323	21.781	0.78
3324	21.785	0.07
3325	21.79	-0.5
3326	21.795	-0.87
3327	21.799	-1
3328	21.804	-1.05
3329	21.808	-1.26
3330	21.813	-1.59
3331	21.817	-1.62
3332	21.822	-1.11
3333	21.826	-0.38
3334	21.831	0.12
3335	21.835	0.32
3336	21.84	0.43
3337	21.844	0.52
3338	21.849	0.47
3339	21.854	0.14
3340	21.858	-0.32
3341	21.863	-0.6
3342	21.867	-0.58
3343	21.872	-0.35
3344	21.876	-0.07
3345	21.881	0.07
3346	21.885	0.06
3347	21.89	0.14
3348	21.894	0.46
3349	21.899	0.85
3350	21.903	0.98
3351	21.908	0.73
3352	21.913	0.19
3353	21.917	-0.22
3354	21.922	-0.08
3355	21.926	0.52
3356	21.931	1.14
3357	21.935	1.49
3358	21.94	1.59
3359	21.944	1.5
3360	21.949	1.19
3361	21.953	0.77
3362	21.958	0.51
3363	21.962	0.5
3364	21.967	0.55
3365	21.972	0.52
3366	21.976	0.54
3367	21.981	0.84
3368	21.985	1.35
3369	21.99	1.78
3370	21.994	2.01
3371	21.999	1.98
3372	22.003	1.61
3373	22.008	1.04
3374	22.012	0.62
3375	22.017	0.49
3376	22.021	0.51
3377	22.026	0.58
3378	22.031	0.55
3379	22.035	0.41
3380	22.04	0.28
3381	22.044	0.15
3382	22.049	0.11
3383	22.053	0.29
3384	22.058	0.56
3385	22.062	0.73
3386	22.067	0.77
3387	22.071	0.62
3388	22.076	0.37
3389	22.08	0.15
3390	22.085	-0.03
3391	22.09	-0.11
3392	22.094	0.17
3393	22.099	0.77
3394	22.103	1.29
3395	22.108	1.5
3396	22.112	1.61
3397	22.117	1.91
3398	22.121	2.33
3399	22.126	2.68
3400	22.13	2.78
3401	22.135	2.64
3402	22.139	2.46
3403	22.144	2.47
3404	22.149	2.78
3405	22.153	4.27
3406	22.158	3.92
3407	22.162	3.87
3408	22.167	3.91
3409	22.171	3.46
3410	22.176	2.8
3411	22.18	2.31
3412	22.185	1.7
3413	22.189	0.92
3414	22.194	0.53
3415	22.198	0.86
3416	22.203	1.46
3417	22.207	1.8
3418	22.212	1.76
3419	22.217	1.33
3420	22.221	0.76
3421	22.226	0.85
3422	22.23	1.92
3423	22.235	3.13
3424	22.239	3.48
3425	22.244	3.07
3426	22.248	2.79
3427	22.253	2.82
3428	22.257	2.71
3429	22.262	2.42
3430	22.266	2.03
3431	22.271	1.55
3432	22.275	1.06
3433	22.28	0.73
3434	22.285	0.71
3435	22.289	1.03
3436	22.294	1.54
3437	22.298	1.82
3438	22.303	1.53
3439	22.307	1.02
3440	22.312	0.65
3441	22.316	0.4
3442	22.321	0.46
3443	22.325	1.14
3444	22.33	2.17
3445	22.334	2.82
3446	22.339	2.87
3447	22.343	2.73
3448	22.348	2.73
3449	22.352	2.96
3450	22.357	3.04
3451	22.362	2.56
3452	22.366	1.81
3453	22.371	1.46
3454	22.375	1.76
3455	22.38	2.38
3456	22.384	2.82
3457	22.389	2.84
3458	22.393	2.65
3459	22.398	2.58
3460	22.402	2.62
3461	22.407	2.51
3462	22.411	2.19
3463	22.416	1.91
3464	22.42	1.84
3465	22.425	1.98
3466	22.43	2.28
3467	22.434	2.37
3468	22.439	2.09
3469	22.443	1.76
3470	22.448	1.46
3471	22.452	1.31
3472	22.457	1.82
3473	22.461	2.9
3474	22.466	3.86
3475	22.47	4.46
3476	22.475	4.58
3477	22.479	3.91
3478	22.484	2.65
3479	22.488	1.71
3480	22.493	1.63
3481	22.498	2.04
3482	22.502	2.33
3483	22.507	2.51
3484	22.511	2.94
3485	22.516	3.42
3486	22.52	3.7
3487	22.525	3.97
3488	22.529	4.37
3489	22.534	4.66
3490	22.538	4.79
3491	22.543	4.65
3492	22.547	4.15
3493	22.552	3.44
3494	22.556	2.83
3495	22.561	2.56
3496	22.566	2.78
3497	22.57	3.26
3498	22.575	3.61
3499	22.579	3.64
3500	22.584	3.48
3501	22.588	3.46
3502	22.593	3.72
3503	22.597	3.92
3504	22.602	3.66
3505	22.606	3.07
3506	22.611	2.57
3507	22.615	2.56
3508	22.62	3.09
3509	22.624	3.66
3510	22.629	3.83
3511	22.633	3.86
3512	22.638	3.79
3513	22.643	3.48
3514	22.647	3.63
3515	22.652	4.76
3516	22.656	5.83
3517	22.661	5.64
3518	22.665	4.7
3519	22.67	4.18
3520	22.674	4.14
3521	22.679	4
3522	22.683	3.95
3523	22.688	4.45
3524	22.692	5.04
3525	22.697	4.94
3526	22.701	4.19
3527	22.706	3.45
3528	22.711	3.28
3529	22.715	3.52
3530	22.72	3.55
3531	22.724	3.35
3532	22.729	3.43
3533	22.733	3.95
3534	22.738	4.58
3535	22.742	5.05
3536	22.747	5.26
3537	22.751	5.04
3538	22.756	4.37
3539	22.76	3.67
3540	22.765	3.18
3541	22.769	2.85
3542	22.774	2.9
3543	22.779	3.64
3544	22.783	4.7
3545	22.788	5.44
3546	22.792	6.02
3547	22.797	6.89
3548	22.801	7.99
3549	22.806	9.07
3550	22.81	10.13
3551	22.815	11.55
3552	22.819	13.52
3553	22.824	15.32
3554	22.828	16
3555	22.833	15.89
3556	22.837	15.8
3557	22.842	15.52
3558	22.847	14.54
3559	22.851	13.29
3560	22.856	12.63
3561	22.86	12.94
3562	22.865	13.65
3563	22.869	13.62
3564	22.874	12.16
3565	22.878	9.76
3566	22.883	7.6
3567	22.887	6.33
3568	22.892	6.07
3569	22.896	6.31
3570	22.901	6.23
3571	22.905	5.79
3572	22.91	5.42
3573	22.914	5.18
3574	22.919	4.9
3575	22.924	4.52
3576	22.928	4.02
3577	22.933	3.65
3578	22.937	3.75
3579	22.942	4.17
3580	22.946	4.32
3581	22.951	3.98
3582	22.955	3.63
3583	22.96	3.52
3584	22.964	3.64
3585	22.969	4.23
3586	22.973	5.27
3587	22.978	5.97
3588	22.982	5.83
3589	22.987	5.29
3590	22.992	4.91
3591	22.996	4.73
3592	23.001	4.46
3593	23.005	3.88
3594	23.01	3.14
3595	23.014	2.7
3596	23.019	2.96
3597	23.023	3.7
3598	23.028	4.41
3599	23.032	4.51
3600	23.037	3.73
3601	23.041	2.65
3602	23.046	2.18
3603	23.05	2.45
3604	23.055	2.93
3605	23.06	3.32
3606	23.064	3.71
3607	23.069	3.94
3608	23.073	3.45
3609	23.078	2.28
3610	23.082	1.14
3611	23.087	0.55
3612	23.091	0.69
3613	23.096	1.45
3614	23.1	2.35
3615	23.105	3.08
3616	23.109	3.61
3617	23.114	3.79
3618	23.118	3.65
3619	23.123	3.62
3620	23.127	3.88
3621	23.132	4
3622	23.137	3.54
3623	23.141	2.82
3624	23.146	2.54
3625	23.15	2.79
3626	23.155	3.07
3627	23.159	3.27
3628	23.164	3.57
3629	23.168	3.85
3630	23.173	3.98
3631	23.177	4.06
3632	23.182	4.15
3633	23.186	4.31
3634	23.191	4.59
3635	23.195	4.96
3636	23.2	5.16
3637	23.205	4.78
3638	23.209	3.82
3639	23.214	3.19
3640	23.218	3.46
3641	23.223	4.19
3642	23.227	4.73
3643	23.232	4.9
3644	23.236	4.6
3645	23.241	3.78
3646	23.245	2.79
3647	23.25	2.06
3648	23.254	1.61
3649	23.259	1.51
3650	23.263	1.88
3651	23.268	2.38
3652	23.273	2.72
3653	23.277	2.96
3654	23.282	3.16
3655	23.286	3.24
3656	23.291	3.01
3657	23.295	2.4
3658	23.3	1.69
3659	23.304	1.34
3660	23.309	1.49
3661	23.313	1.92
3662	23.318	2.36
3663	23.322	2.66
3664	23.327	2.57
3665	23.331	1.91
3666	23.336	1.11
3667	23.341	0.87
3668	23.345	1.2
3669	23.35	1.34
3670	23.354	1.04
3671	23.359	0.76
3672	23.363	0.81
3673	23.368	1.18
3674	23.372	1.65
3675	23.377	1.89
3676	23.381	1.94
3677	23.386	2.12
3678	23.39	2.33
3679	23.395	2.3
3680	23.399	2.12
3681	23.404	1.96
3682	23.408	1.87
3683	23.413	1.93
3684	23.418	2.26
3685	23.422	2.93
3686	23.427	3.47
3687	23.431	3.47
3688	23.436	3.34
3689	23.44	3.5
3690	23.445	3.66
3691	23.449	3.48
3692	23.454	3.04
3693	23.458	2.71
3694	23.463	2.64
3695	23.467	2.49
3696	23.472	2.04
3697	23.476	1.55
3698	23.481	1.32
3699	23.486	1.4
3700	23.49	1.6
3701	23.495	1.66
3702	23.499	1.58
3703	23.504	1.41
3704	23.508	1.09
3705	23.513	0.74
3706	23.517	0.62
3707	23.522	0.59
3708	23.526	0.46
3709	23.531	0.42
3710	23.535	0.54
3711	23.54	0.57
3712	23.544	0.38
3713	23.549	0.16
3714	23.554	0.07
3715	23.558	0.12
3716	23.563	0.22
3717	23.567	0.12
3718	23.572	-0.37
3719	23.576	-1.09
3720	23.581	-1.6
3721	23.585	-1.53
3722	23.59	-1.05
3723	23.594	-0.74
3724	23.599	-0.88
3725	23.603	-1.21
3726	23.608	-1.28
3727	23.612	-0.85
3728	23.617	-0.05
3729	23.621	0.77
3730	23.626	1.22
3731	23.631	1.07
3732	23.635	0.41
3733	23.64	-0.28
3734	23.644	-0.53
3735	23.649	-0.24
3736	23.653	0.42
3737	23.658	1.09
3738	23.662	1.35
3739	23.667	1.09
3740	23.671	0.51
3741	23.676	-0.17
3742	23.68	-0.74
3743	23.685	-1.06
3744	23.689	-1.04
3745	23.694	-0.67
3746	23.699	-0.13
3747	23.703	0.3
3748	23.708	0.46
3749	23.712	0.46
3750	23.717	0.44
3751	23.721	0.38
3752	23.726	0.29
3753	23.73	0.28
3754	23.735	0.32
3755	23.739	0.5
3756	23.744	0.96
3757	23.748	1.47
3758	23.753	1.36
3759	23.757	0.39
3760	23.762	-0.83
3761	23.767	-1.55
3762	23.771	-1.57
3763	23.776	-1.19
3764	23.78	-0.73
3765	23.785	-0.25
3766	23.789	0.2
3767	23.794	0.51
3768	23.798	0.51
3769	23.803	0.29
3770	23.807	0.12
3771	23.812	0.09
3772	23.816	0.08
3773	23.821	0.02
3774	23.825	0.11
3775	23.83	0.43
3776	23.835	0.9
3777	23.839	1.23
3778	23.844	1.08
3779	23.848	0.54
3780	23.853	0.2
3781	23.857	0.22
3782	23.862	0.2
3783	23.866	-0.02
3784	23.871	-0.09
3785	23.875	0.22
3786	23.88	0.55
3787	23.884	0.58
3788	23.889	0.52
3789	23.893	0.64
3790	23.898	0.97
3791	23.902	1.52
3792	23.907	2.15
3793	23.912	2.7
3794	23.916	3.17
3795	23.921	3.39
3796	23.925	3.21
3797	23.93	2.69
3798	23.934	1.9
3799	23.939	1.19
3800	23.943	0.91
3801	23.948	0.93
3802	23.952	1.12
3803	23.957	1.64
3804	23.961	2.29
3805	23.966	2.67
3806	23.97	2.78
3807	23.975	2.86
3808	23.98	2.85
3809	23.984	2.33
3810	23.989	1.23
3811	23.993	0.22
3812	23.998	-0.05
3813	24.002	0.31
3814	24.007	0.95
3815	24.011	1.58
3816	24.016	1.75
3817	24.02	1.37
3818	24.025	1.02
3819	24.029	1.26
3820	24.034	1.92
3821	24.038	2.27
3822	24.043	1.86
3823	24.048	1.05
3824	24.052	0.66
3825	24.057	0.89
3826	24.061	1.3
3827	24.066	1.62
3828	24.07	2.01
3829	24.075	2.44
3830	24.079	2.67
3831	24.084	2.66
3832	24.088	2.66
3833	24.093	2.56
3834	24.097	1.91
3835	24.102	0.93
3836	24.106	0.64
3837	24.111	1.27
3838	24.115	1.75
3839	24.12	1.48
3840	24.125	0.98
3841	24.129	0.68
3842	24.134	0.53
3843	24.138	0.48
3844	24.143	0.58
3845	24.147	0.89
3846	24.152	1.36
3847	24.156	1.86
3848	24.161	2.27
3849	24.165	2.48
3850	24.17	2.37
3851	24.174	1.92
3852	24.179	1.22
3853	24.183	0.44
3854	24.188	-0.07
3855	24.193	-0.04
3856	24.197	0.38
3857	24.202	0.92
3858	24.206	1.47
3859	24.211	1.9
3860	24.215	2.12
3861	24.22	2.19
3862	24.224	2.15
3863	24.229	1.95
3864	24.233	1.9
3865	24.238	2.43
3866	24.242	3.31
3867	24.247	3.74
3868	24.251	3.34
3869	24.256	2.49
3870	24.261	1.76
3871	24.265	1.37
3872	24.27	1.14
3873	24.274	0.78
3874	24.279	0.42
3875	24.283	0.35
3876	24.288	0.68
3877	24.292	1.2
3878	24.297	1.48
3879	24.301	1.21
3880	24.306	0.61
3881	24.31	0.22
3882	24.315	0.19
3883	24.319	0.35
3884	24.324	0.59
3885	24.329	0.87
3886	24.333	1.01
3887	24.338	0.75
3888	24.342	0.09
3889	24.347	-0.71
3890	24.351	0.27
3891	24.356	0.25
3892	24.36	0.23
3893	24.365	0.26
3894	24.37	0.37
3895	24.374	0.46
3896	24.379	0.42
3897	24.383	0.28
3898	24.388	0.16
3899	24.393	0.12
3900	24.397	0.17
3901	24.402	0.28
3902	24.406	0.41
3903	24.411	0.44
3904	24.416	0.33
3905	24.42	0.2
3906	24.425	0.15
3907	24.429	0.17
3908	24.434	0.17
3909	24.439	0.15
3910	24.443	0.15
3911	24.448	0.16
3912	24.452	0.16
3913	24.457	0.15
3914	24.462	0.18
3915	24.466	0.25
3916	24.471	0.24
3917	24.475	0.15
3918	24.48	0.06
3919	24.485	0.01
3920	24.489	0
3921	24.494	0
3922	24.498	0
3923	24.503	0
3924	24.508	0
3925	24.512	0
3926	24.517	0
3927	24.521	0.01
3928	24.526	0.02
3929	24.531	0.01
3930	24.535	0.01
3931	24.54	0
3932	24.544	0
3933	24.549	0
3934	24.554	0
3935	24.558	0.01
3936	24.563	0.04
3937	24.567	0.11
3938	24.572	0.19
3939	24.577	0.26
3940	24.581	0.27
3941	24.586	0.21
3942	24.59	0.15
3943	24.595	0.17
3944	24.6	0.32
3945	24.604	0.59
3946	24.609	0.83
3947	24.613	0.89
3948	24.618	0.79
3949	24.623	0.66
3950	24.627	0.55
3951	24.632	0.4
3952	24.636	0.26
3953	24.641	0.18
3954	24.645	0.15
3955	24.65	0.19
3956	24.655	0.27
3957	24.659	0.37
3958	24.664	0.47
3959	24.668	0.52
3960	24.673	0.44
3961	24.678	0.27
3962	24.682	0.18
3963	24.687	0.25
3964	24.691	0.45
3965	24.696	0.63
3966	24.701	0.69
3967	24.705	0.63
3968	24.71	0.51
3969	24.714	0.37
3970	24.719	0.29
3971	24.724	0.32
3972	24.728	0.45
3973	24.733	0.63
3974	24.737	0.73
3975	24.742	0.67
3976	24.747	0.52
3977	24.751	0.39
3978	24.756	0.34
3979	24.76	0.33
3980	24.765	0.33
3981	24.77	0.33
3982	24.774	0.33
3983	24.779	0.35
3984	24.783	0.41
3985	24.788	0.48
3986	24.793	0.48
3987	24.797	0.4
3988	24.802	0.3
3989	24.806	0.18
3990	24.811	0.03
3991	24.816	-0.11
3992	24.82	-0.22
3993	24.825	-0.31
3994	24.829	-0.33
3995	24.834	-0.28
3996	24.839	-0.17
3997	24.843	-0.08
3998	24.848	-0.11
3999	24.852	-0.25
4000	24.857	-0.39
4001	24.862	-0.43
4002	24.866	-0.34
4003	24.871	-0.18
4004	24.875	-0.03
4005	24.88	0
4006	24.885	-0.06
4007	24.889	-0.13
4008	24.894	-0.13
4009	24.898	-0.07
4010	24.903	-0.03
4011	24.908	-0.01
4012	24.912	0
4013	24.917	0
4014	24.921	0
4015	24.926	0
4016	24.931	0
4017	24.935	0
4018	24.94	0
4019	24.944	-0.02
4020	24.949	-0.06
4021	24.954	-0.14
4022	24.958	-0.22
4023	24.963	-0.24
4024	24.967	-0.19
4025	24.972	-0.15
4026	24.977	-0.2
4027	24.981	-0.28
4028	24.986	-0.31
4029	24.99	-0.28
4030	24.995	-0.24
4031	25	-0.18
4032	25.004	-0.1
4033	25.009	-0.05
4034	25.013	-0.05
4035	25.018	-0.12
4036	25.023	-0.24
4037	25.027	-0.37
4038	25.032	-0.48
4039	25.036	-0.45
4040	25.041	-0.31
4041	25.046	-0.21
4042	25.05	-0.22
4043	25.055	-0.28
4044	25.059	-0.31
4045	25.064	-0.32
4046	25.069	-0.34
4047	25.073	-0.36
4048	25.078	-0.35
4049	25.082	-0.26
4050	25.087	-0.14
4051	25.092	-0.14
4052	25.096	-0.31
4053	25.101	-0.5
4054	25.105	-0.52
4055	25.11	-0.35
4056	25.115	-0.17
4057	25.119	-0.06
4058	25.124	-0.05
4059	25.128	-0.08
4060	25.133	-0.13
4061	25.138	-0.23
4062	25.142	-0.32
4063	25.147	-0.35
4064	25.151	-0.32
4065	25.156	-0.26
4066	25.161	-0.21
4067	25.165	-0.16
4068	25.17	-0.13
4069	25.174	-0.09
4070	25.179	-0.09
4071	25.184	-0.15
4072	25.188	-0.25
4073	25.193	-0.34
4074	25.197	-0.39
4075	25.202	-0.42
4076	25.206	-0.44
4077	25.211	-0.43
4078	25.216	-0.43
4079	25.22	-0.41
4080	25.225	-0.32
4081	25.229	-0.17
4082	25.234	-0.05
4083	25.239	-0.01
4084	25.243	-0.01
4085	25.248	-0.03
4086	25.252	-0.05
4087	25.257	-0.05
4088	25.262	-0.01
4089	25.266	0.05
4090	25.271	0.11
4091	25.275	0.12
4092	25.28	0.09
4093	25.285	0.04
4094	25.289	0.01
4095	25.294	-0.04
4096	25.298	-0.18
4097	25.303	-0.36
4098	25.308	-0.45
4099	25.312	-0.38
4100	25.317	-0.25
4101	25.321	-0.16
4102	25.326	-0.08
4103	25.331	0.06
4104	25.335	0.27
4105	25.34	0.49
4106	25.344	0.71
4107	25.349	0.86
4108	25.354	0.88
4109	25.358	0.77
4110	25.363	0.58
4111	25.367	0.35
4112	25.372	0.13
4113	25.377	0.01
4114	25.381	0.05
4115	25.386	0.17
4116	25.39	0.23
4117	25.395	0.15
4118	25.4	-0.01
4119	25.404	-0.19
4120	25.409	-0.36
4121	25.413	-0.52
4122	25.418	-0.63
4123	25.423	-0.63
4124	25.427	-0.58
4125	25.432	-0.5
4126	25.436	-0.34
4127	25.441	-0.09
4128	25.446	0.15
4129	25.45	0.22
4130	25.455	0.13
4131	25.459	0.01
4132	25.464	-0.06
4133	25.469	-0.03
4134	25.473	0.04
4135	25.478	0.17
4136	25.482	0.32
4137	25.487	0.34
4138	25.492	0.2
4139	25.496	0.07
4140	25.501	0.04
4141	25.505	0.08
4142	25.51	0.21
4143	25.515	0.33
4144	25.519	0.34
4145	25.524	0.29
4146	25.528	0.26
4147	25.533	0.28
4148	25.538	0.29
4149	25.542	0.2
4150	25.547	0.05
4151	25.551	-0.05
4152	25.556	-0.11
4153	25.561	-0.16
4154	25.565	-0.15
4155	25.57	0.01
4156	25.574	0.29
4157	25.579	0.49
4158	25.584	0.5
4159	25.588	0.41
4160	25.593	0.38
4161	25.597	0.52
4162	25.602	0.72
4163	25.607	0.85
4164	25.611	0.86
4165	25.616	0.78
4166	25.62	0.65
4167	25.625	0.49
4168	25.63	0.36
4169	25.634	0.31
4170	25.639	0.39
4171	25.643	0.6
4172	25.648	0.82
4173	25.653	0.94
4174	25.657	0.91
4175	25.662	0.81
4176	25.666	0.73
4177	25.671	0.74
4178	25.676	0.9
4179	25.68	1.12
4180	25.685	1.29
4181	25.689	1.32
4182	25.694	1.26
4183	25.699	1.22
4184	25.703	1.23
4185	25.708	1.27
4186	25.712	1.29
4187	25.717	1.27
4188	25.722	1.21
4189	25.726	1.13
4190	25.731	1.05
4191	25.735	0.97
4192	25.74	0.91
4193	25.744	0.85
4194	25.749	0.81
4195	25.754	0.85
4196	25.758	0.95
4197	25.763	1.02
4198	25.767	1.02
4199	25.772	0.93
4200	25.777	0.81
4201	25.781	0.74
4202	25.786	0.79
4203	25.79	0.86
4204	25.795	0.83
4205	25.8	0.74
4206	25.804	0.8
4207	25.809	1.06
4208	25.813	1.29
4209	25.818	1.32
4210	25.823	1.3
4211	25.827	1.33
4212	25.832	1.38
4213	25.836	1.43
4214	25.841	1.52
4215	25.846	1.59
4216	25.85	1.56
4217	25.855	1.44
4218	25.859	1.31
4219	25.864	1.28
4220	25.869	1.31
4221	25.873	1.28
4222	25.878	1.15
4223	25.882	0.98
4224	25.887	0.84
4225	25.892	0.78
4226	25.896	0.79
4227	25.901	0.81
4228	25.905	0.77
4229	25.91	0.72
4230	25.915	0.74
4231	25.919	0.8
4232	25.924	0.8
4233	25.928	0.72
4234	25.933	0.65
4235	25.938	0.64
4236	25.942	0.67
4237	25.947	0.69
4238	25.951	0.65
4239	25.956	0.51
4240	25.961	0.36
4241	25.965	0.32
4242	25.97	0.41
4243	25.974	0.62
4244	25.979	0.84
4245	25.984	0.91
4246	25.988	0.87
4247	25.993	0.84
4248	25.997	0.86
4249	26.002	-0.38

